갱신요구권사용,건축년도,계약구분,계약기간,년,법정동,보증금액,아파트,월,월세금액,일,전용면적,종전계약보증금,종전계약월세,지번,지역코드,층
 ,1999,신규,22.05~24.05,2022,돈암동,"5,000",돈암동삼성,5,90,3,59.4, , ,15-1,11290,17
 ,1998,신규,22.06~24.06,2022,돈암동,"67,000",한진(609-1),5,0,3,132.96, , ,609-1,11290,6
 ,1991,갱신,22.05~24.05,2022,돈암동,"33,000",돈암현대아파트,5,0,3,68.76,"30,000", ,1,11290,1
사용,1998,갱신,22.05~24.05,2022,돈암동,"47,000",한신,5,0,4,84.87,"45,000", ,609-1,11290,8
 ,2003,신규,22.05~23.05,2022,돈암동,0,동부센트레빌,5,70,5,80.54, , ,633,11290,8
 ,2016,갱신,22.05~24.05,2022,돈암동,"57,000",돈암코오롱하늘채,5,0,5,84.757,"55,000", ,644,11290,14
 ,1998,신규,22.07~24.07,2022,돈암동,"40,000",범양,5,0,5,59.79, , ,631,11290,17
 ,1999,신규,22.06~25.06,2022,돈암동,"5,000",돈암동삼성,5,150,6,84.59, , ,15-1,11290,8
 ,1998, , ,2022,돈암동,"29,400",한진(609-1),5,0,6,59.58, , ,609-1,11290,18
 ,1998,신규,22.06~24.06,2022,돈암동,"10,000",범양,5,70,7,84.92, , ,631,11290,9
 ,1994,신규,22.07~24.07,2022,돈암동,"53,000",동소문현대,5,0,7,84.72, , ,630,11290,9
 ,2016,신규,22.06~24.06,2022,돈암동,"77,000",길음역금호어울림센터힐,5,0,7,119.56, , ,643,11290,5
 ,1998,신규,22.06~24.06,2022,돈암동,"5,000",한진(609-1),5,180,7,84.87, , ,609-1,11290,20
 ,1994,신규,22.07~24.07,2022,돈암동,"53,000",동소문현대,5,0,7,84.72, , ,630,11290,9
 ,1991, , ,2022,돈암동,"30,000",돈암현대아파트,5,15,9,84.39, , ,1,11290,12
 ,1991,신규,22.07~24.07,2022,돈암동,"1,000",돈암현대아파트,5,75,9,41.58, , ,1,11290,12
 ,1998,신규,22.06~24.06,2022,돈암동,"20,000",한신,5,163,10,84.87, , ,609-1,11290,15
사용,1998,갱신,22.05~24.02,2022,돈암동,"31,500",한신,5,0,10,68.13,"30,000", ,609-1,11290,15
 ,2009,신규,22.06~24.06,2022,돈암동,"40,000",대성유니드(641-0),5,100,10,115.93, , ,641,11290,1
 ,1998,신규,22.06~24.06,2022,돈암동,"20,000",한신,5,163,10,84.87, , ,609-1,11290,15
 ,2006,신규,22.06~24.06,2022,돈암동,"65,000",돈암동더샵아파트,5,0,12,84.817, , ,603,11290,2
 ,2016,신규,22.06~24.06,2022,돈암동,"60,000",돈암코오롱하늘채,5,40,13,84.8576, , ,644,11290,1
사용,2004,갱신,22.06~24.06,2022,돈암동,"20,000",이수브라운스톤돈암,5,42,13,59.99,"20,000",37,636,11290,2
 ,2004,신규,22.07~24.07,2022,돈암동,"40,000",이수브라운스톤돈암,5,55,13,59.99, , ,636,11290,11
 ,1991,갱신, ,2022,돈암동,"19,845",돈암현대아파트,5,0,13,41.58,"18,900", ,1,11290,5
 ,1998,신규,22.06~24.06,2022,돈암동,"36,000",한진(609-1),5,0,13,59.58, , ,609-1,11290,10
사용,1998,갱신,22.07~24.07,2022,돈암동,"31,500",한신,5,0,14,68.13,"30,000", ,609-1,11290,5
사용,1998,갱신,22.05~24.05,2022,돈암동,"40,950",범양,5,0,14,84.92,"39,000", ,631,11290,7
사용,1998,갱신,22.07~24.07,2022,돈암동,"45,000",한진(609-1),5,0,14,84.87,"43,000", ,609-1,11290,2
 ,1998,신규,22.05~24.05,2022,돈암동,"80,000",한신,5,0,14,132.96, , ,609-1,11290,2
 ,1998,신규,22.05~24.05,2022,돈암동,"80,000",한신,5,0,14,132.96, , ,609-1,11290,2
사용,1998,갱신,22.06~24.06,2022,돈암동,"31,500",범양,5,0,14,59.79,"30,000", ,631,11290,7
 ,1998,신규,22.08~24.08,2022,돈암동,"80,000",한신,5,0,16,132.96, , ,609-1,11290,6
 ,1998,신규,22.08~24.08,2022,돈암동,"80,000",한신,5,0,16,132.96, , ,609-1,11290,6
 ,1998, , ,2022,돈암동,"24,500",한진(609-1),5,40,16,84.87, , ,609-1,11290,15
 ,1998,갱신,22.05~24.05,2022,돈암동,"45,500",범양,5,0,17,114.93,"43,000", ,631,11290,2
사용,1998,갱신,22.05~24.05,2022,돈암동,"32,500",한신,5,0,18,68.13,"31,000", ,609-1,11290,4
 ,1998,신규,22.07~24.07,2022,돈암동,"10,000",한진(609-1),5,200,18,113.67, , ,609-1,11290,9
 ,1998,신규,22.07~24.07,2022,돈암동,"37,000",한진(609-1),5,0,18,59.58, , ,609-1,11290,2
 ,1999, , ,2022,돈암동,"3,512",돈암동풍림106동(임대),5,0,19,32.23, , ,632-1,11290,1
 ,1999,신규,22.07~24.07,2022,돈암동,"7,000",돈암동삼성,5,160,19,114.66, , ,15-1,11290,6
 ,1999,신규,22.07~24.07,2022,돈암동,"7,000",돈암동삼성,5,160,19,114.66, , ,15-1,11290,6
 ,2004, , ,2022,돈암동,"49,300",이수브라운스톤돈암,5,0,19,84.97, , ,636,11290,19
 ,2004,신규,22.07~24.07,2022,돈암동,"49,000",이수브라운스톤돈암,5,0,19,59.99, , ,636,11290,4
 ,1998,신규,22.07~24.07,2022,돈암동,"80,000",한신,5,0,20,132.96, , ,609-1,11290,15
 ,1998,신규,22.07~24.07,2022,돈암동,"80,000",한신,5,0,20,132.96, , ,609-1,11290,15
 ,1991,신규,22.08~24.08,2022,돈암동,"6,000",돈암현대아파트,5,115,20,68.76, , ,1,11290,8
 ,1998, , ,2022,돈암동,"50,000",범양,5,0,20,84.92, , ,631,11290,3
 ,1998,신규,22.08~24.08,2022,돈암동,"62,000",범양,5,0,20,114.93, , ,631,11290,5
사용,1999,갱신,22.05~24.05,2022,돈암동,"13,125",돈암동 풍림아파트 101~105동,5,32,21,59.64,"12,500",30,632,11290,13
사용,2016,갱신,22.07~24.07,2022,돈암동,"47,250",길음역금호어울림센터힐,5,0,23,59.84,"45,000", ,643,11290,9
 ,2003,신규,22.06~24.03,2022,돈암동,"58,000",동부센트레빌,5,0,23,80.54, , ,633,11290,18
 ,2003,신규,22.06~24.03,2022,돈암동,"58,000",동부센트레빌,5,0,23,80.54, , ,633,11290,18
 ,1999,갱신, ,2022,돈암동,"2,000",돈암동 풍림아파트 101~105동,5,100,23,59.64,"2,000",100,632,11290,3
 ,1998,신규,22.08~24.08,2022,돈암동,"72,000",한신,5,0,23,132.96, , ,609-1,11290,3
사용,1998,갱신,22.05~24.05,2022,돈암동,"43,500",한진(609-1),5,0,24,84.87,"41,500", ,609-1,11290,10
 ,1998,신규,22.07~24.07,2022,돈암동,"49,000",한신,5,0,24,68.13, , ,609-1,11290,14
 ,1991,신규, ,2022,돈암동,"22,500",돈암현대아파트,5,0,25,55.89, , ,1,11290,4
 ,1998,신규,22.07~24.07,2022,돈암동,"20,000",한진(609-1),5,90,25,59.58, , ,609-1,11290,11
사용,1998,갱신,22.06~24.06,2022,돈암동,"34,650",한신,5,0,26,68.13,"33,000", ,609-1,11290,14
 ,2004,신규,22.08~24.08,2022,돈암동,"39,900",이수브라운스톤돈암,5,0,27,59.99, , ,636,11290,19
 ,2004,신규,22.07~24.07,2022,돈암동,"54,000",이수브라운스톤돈암,5,0,27,59.99, , ,636,11290,3
 ,2004,신규,22.08~24.08,2022,돈암동,"60,000",이수브라운스톤돈암,5,0,27,84.97, , ,636,11290,16
 ,2003,신규,22.06~24.06,2022,돈암동,"10,000",동부센트레빌,5,140,27,80.54, , ,633,11290,11
 ,2003,신규,22.06~24.06,2022,돈암동,"10,000",동부센트레빌,5,140,27,80.54, , ,633,11290,11
 ,1998,신규,22.08~24.08,2022,돈암동,"12,000",한진(609-1),5,85,27,59.58, , ,609-1,11290,13
 ,1998,갱신,22.05~22.09,2022,돈암동,"40,000",한진(609-1),5,0,27,84.87,"40,000", ,609-1,11290,4
 ,1998,갱신,22.09~24.09,2022,돈암동,"40,000",한진(609-1),5,0,27,84.87,"40,000", ,609-1,11290,4
 ,2003,신규,22.09~24.09,2022,돈암동,"58,000",동부센트레빌,5,0,28,80.54, , ,633,11290,9
사용,2016,갱신,22.05~23.05,2022,돈암동,"10,000",길음역금호어울림센터힐,5,100,28,59.84,"10,000",100,643,11290,9
사용,1998,갱신,22.07~24.07,2022,돈암동,"31,500",한진(609-1),5,0,28,59.58,"30,000", ,609-1,11290,15
 ,1998,신규,22.08~24.08,2022,돈암동,"40,000",한진(609-1),5,0,28,59.58, , ,609-1,11290,5
 ,1998,신규,22.07~24.07,2022,돈암동,"29,400",한진(609-1),5,0,28,59.58, , ,609-1,11290,10
사용,1991,갱신, ,2022,돈암동,"31,500",돈암현대아파트,5,0,28,68.76,"30,000", ,1,11290,6
 ,2005,신규,22.09~24.09,2022,돈암동,"85,000",일신건영휴먼빌아파트,5,0,28,143.51, , ,524,11290,3
 ,2004,신규,22.08~24.08,2022,돈암동,"66,000",이수브라운스톤돈암,5,0,31,84.97, , ,636,11290,16
 ,1999,신규,22.06~24.06,2022,돈암동,"30,450",돈암동삼성,5,0,31,59.4, , ,15-1,11290,3
사용,1998,갱신,22.05~24.05,2022,동소문동4가,"55,650",송산아파트,5,0,10,111.55,"53,000", ,279,11290,2
 ,1998,신규,22.07~24.07,2022,동소문동4가,"29,400",송산아파트,5,0,14,58.59, , ,279,11290,4
 ,1998,신규,22.07~24.07,2022,동소문동4가,"29,400",송산아파트,5,0,14,58.59, , ,279,11290,4
사용,1998,갱신,22.07~24.07,2022,동소문동4가,"31,500",송산아파트,5,0,19,58.59,"30,000", ,279,11290,17
 ,2018,신규,22.05~24.04,2022,동소문동5가,"1,000",성신여대역솔하임,5,80,1,14.022, , ,15,11290,7
 ,2018,신규,22.05~24.02,2022,동소문동5가,"1,000",성신여대역솔하임,5,80,6,14.093, , ,15,11290,9
 ,2015,신규,22.05~24.05,2022,동소문동6가,"20,000",시티플레이스,5,0,6,14.02, , ,3-1,11290,14
 ,2012,신규,22.05~24.05,2022,동소문동6가,"19,000",보미리즌빌,5,4,9,14.18, , ,117-2,11290,9
 ,2013, , ,2022,동소문동6가,"6,000",하이얀,5,28,20,12.7, , ,138-1,11290,5
사용,2015,갱신,22.06~24.06,2022,동소문동6가,"12,000",시티플레이스,5,43,28,14.01,"12,000",39,3-1,11290,16
 ,2010,신규,22.06~24.06,2022,동소문동7가,"15,000",브라운스톤동선,5,130,3,59.95, , ,120,11290,8
 ,2004,신규,22.07~24.07,2022,동소문동7가,"40,000",한신플러스C,5,0,14,59.91, , ,23,11290,20
 ,2004,신규, ,2022,동소문동7가,"3,000",한신플러스C,5,130,17,59.91, , ,23,11290,6
 ,2004,신규,22.08~24.08,2022,동소문동7가,"57,000",한신플러스C,5,0,28,84.95, , ,23,11290,12
 ,2004, ,22.08~24.08,2022,동소문동7가,"57,000",한신플러스C,5,0,28,84.95, , ,23,11290,12
 ,2010,갱신,22.07~24.07,2022,동소문동7가,"3,000",브라운스톤동선,5,137,30,59.96,"3,000",130,120,11290,13
 ,2008, , ,2022,삼선동2가,"10,000",삼선푸르지오,5,200,5,114.65, , ,425,11290,10
 ,2008, ,22.06~24.06,2022,삼선동2가,"10,000",삼선푸르지오,5,200,5,114.65, , ,425,11290,10
사용,2008,갱신,22.06~24.06,2022,삼선동2가,"52,500",삼선푸르지오,5,0,7,84.83,"50,000", ,425,11290,5
 ,2009,신규,22.05~23.05,2022,삼선동2가,"20,000",삼선현대힐스테이트,5,150,14,84.98, , ,420,11290,8
 ,2008,갱신,22.08~24.08,2022,삼선동2가,"60,000",삼선푸르지오,5,0,20,84.53,"40,900", ,425,11290,6
 ,2008,신규,22.06~24.06,2022,삼선동2가,"58,000",삼선푸르지오,5,0,28,84.83, , ,425,11290,10
사용,2009,갱신,22.08~24.08,2022,삼선동2가,"41,000",삼선현대힐스테이트,5,37,28,84.71,"41,000",30,420,11290,3
 ,2008, , ,2022,삼선동3가,"2,012",삼선1에스에이치빌,5,20,3,35.58, , ,115,11290,4
 ,2008, , ,2022,삼선동3가,"4,118",삼선1에스에이치빌,5,8,3,35.58, , ,115,11290,4
 ,2008, , ,2022,삼선동3가,"5,520",삼선1에스에이치빌,5,0,9,35.58, , ,115,11290,6
 ,1999,신규,22.06~24.06,2022,삼선동4가,"20,000",코오롱,5,80,17,59.94, , ,73,11290,6
 ,1999,신규,22.08~24.08,2022,삼선동4가,"45,000",코오롱,5,0,28,59.94, , ,73,11290,4
 ,2005,신규,22.07~24.07,2022,안암동1가,"68,000",안암동삼성래미안,5,0,7,84.8681, , ,361,11290,15
 ,1971,신규,22.05~24.05,2022,안암동3가,"1,000",대광,5,62,16,42.61, , ,136-1,11290,4
 ,1971, , ,2022,안암동3가,"2,000",대광,5,30,16,42.61, , ,136-1,11290,2
 ,2011,갱신,22.05~24.05,2022,보문동4가,"15,000",보문하우스토리,5,140,2,117.025,"10,000",150,116,11290,7
 ,2011,신규,22.06~24.06,2022,보문동4가,"57,500",보문하우스토리,5,0,28,117.025, , ,116,11290,8
 ,2011, , ,2022,보문동4가,"25,000",보문하우스토리,5,119,28,82.713, , ,116,11290,13
 ,2017, , ,2022,보문동6가,"50,000",보문파크뷰자이,5,0,8,45.81, , ,458,11290,4
 ,2017, ,22.05~24.05,2022,보문동6가,"60,900",보문파크뷰자이,5,0,9,72.96, , ,458,11290,10
 ,2017,갱신,22.05~24.05,2022,보문동6가,"75,000",보문파크뷰자이,5,0,9,84.99,"57,000", ,458,11290,8
 ,2017, , ,2022,보문동6가,"6,000",보문파크뷰자이,5,26,12,84.99, , ,458,11290,1
 ,2017, ,22.08~24.08,2022,보문동6가,"10,000",보문파크뷰자이,5,160,13,59.19, , ,458,11290,7
 ,2017, ,22.08~24.08,2022,보문동6가,"10,000",보문파크뷰자이,5,160,13,59.19, , ,458,11290,7
 ,2017, , ,2022,보문동6가,"59,500",보문파크뷰자이,5,0,14,84.99, , ,458,11290,16
사용,2017,갱신,22.07~24.07,2022,보문동6가,"65,100",보문파크뷰자이,5,0,14,84.99,"62,000", ,458,11290,6
사용,2017,갱신,22.05~24.03,2022,보문동6가,"59,500",보문파크뷰자이,5,0,14,84.99,"57,000", ,458,11290,16
 ,2017, , ,2022,보문동6가,"47,000",보문파크뷰자이,5,0,15,45.81, , ,458,11290,3
 ,2017,신규,22.08~24.08,2022,보문동6가,"47,000",보문파크뷰자이,5,0,15,45.81, , ,458,11290,3
 ,2017, , ,2022,보문동6가,"52,000",보문파크뷰자이,5,0,16,45.81, , ,458,11290,3
 ,2017,신규,22.08~24.08,2022,보문동6가,"52,000",보문파크뷰자이,5,0,16,45.81, , ,458,11290,3
 ,2017,신규,22.08~24.08,2022,보문동6가,"72,000",보문파크뷰자이,5,0,18,72.97, , ,458,11290,11
 ,2017,신규, ,2022,보문동6가,"6,937",보문파크뷰자이,5,19,20,29.96, , ,458,11290,1
 ,2017,신규,22.06~24.06,2022,보문동6가,"70,000",보문파크뷰자이,5,0,22,72.97, , ,458,11290,9
 ,2017,신규,22.06~24.06,2022,보문동6가,"70,000",보문파크뷰자이,5,0,22,72.97, , ,458,11290,9
 ,2017,신규,22.06~24.06,2022,보문동6가,"20,000",보문파크뷰자이,5,135,24,59.87, , ,458,11290,5
 ,2017,신규,22.08~24.08,2022,보문동6가,"65,000",보문파크뷰자이,5,0,30,72.97, , ,458,11290,2
 ,2017,신규,22.05~24.05,2022,보문동6가,0,보문파크뷰자이,5,75,30,84.99, , ,458,11290,3
 ,2017, , ,2022,보문동6가,"43,000",보문파크뷰자이,5,0,30,45.81, , ,458,11290,3
 ,1994,신규,22.07~24.07,2022,보문동6가,"45,000",아남,5,0,31,78.57, , ,36-2,11290,9
 ,2022,신규,22.06~24.06,2022,보문동1가,"63,000",보문리슈빌하우트,5,0,1,59.79, , ,228,11290,15
 ,2022,신규,22.05~24.05,2022,보문동1가,"63,000",보문리슈빌하우트,5,0,2,59.7918, , ,228,11290,17
 ,2022,신규,22.07~24.07,2022,보문동1가,"61,000",보문리슈빌하우트,5,0,3,59.79, , ,228,11290,18
 ,2022,신규,22.06~24.06,2022,보문동1가,"60,000",보문리슈빌하우트,5,0,5,59.79, , ,228,11290,14
 ,2022, , ,2022,보문동1가,"2,838",보문리슈빌하우트,5,14,6,39.2024, , ,228,11290,11
 ,2022, , ,2022,보문동1가,"1,135",보문리슈빌하우트,5,18,6,39.2024, , ,228,11290,11
 ,2022, , ,2022,보문동1가,"61,000",보문리슈빌하우트,5,0,7,59.79, , ,228,11290,12
 ,2022,신규,22.07~24.07,2022,보문동1가,"65,000",보문리슈빌하우트,5,0,8,59.79, , ,228,11290,18
 ,2022,신규,22.05~24.05,2022,보문동1가,"20,000",보문리슈빌하우트,5,130,9,59.79, , ,228,11290,17
 ,2022,신규,22.07~24.07,2022,보문동1가,"15,000",보문리슈빌하우트,5,170,10,59.79, , ,228,11290,11
 ,2022,신규,22.06~24.06,2022,보문동1가,"40,000",보문리슈빌하우트,5,70,10,59.79, , ,228,11290,16
 ,2022,신규,22.05~24.05,2022,보문동1가,"20,000",보문리슈빌하우트,5,127,10,59.79, , ,228,11290,10
 ,2022,신규,22.05~24.09,2022,보문동1가,"59,000",보문리슈빌하우트,5,0,11,59.79, , ,228,11290,4
 ,2022,신규,22.05~24.05,2022,보문동1가,"20,000",보문리슈빌하우트,5,125,11,59.79, , ,228,11290,17
 ,2022, , ,2022,보문동1가,"2,838",보문리슈빌하우트,5,14,13,39.2024, , ,228,11290,3
 ,2022,신규,22.05~24.02,2022,보문동1가,"10,000",보문리슈빌하우트,5,120,13,59.79, , ,228,11290,3
 ,2022,신규,22.07~24.07,2022,보문동1가,"20,000",보문리슈빌하우트,5,130,14,59.79, , ,228,11290,14
 ,2022,신규,22.05~24.05,2022,보문동1가,"10,000",보문리슈빌하우트,5,160,14,59.79, , ,228,11290,12
 ,2022,신규,22.06~24.06,2022,보문동1가,"30,000",보문리슈빌하우트,5,160,14,59.79, , ,228,11290,13
 ,2022,신규,22.05~23.10,2022,보문동1가,"10,000",보문리슈빌하우트,5,70,15,59.79, , ,228,11290,17
 ,2022,신규,22.09~24.09,2022,보문동1가,"40,000",보문리슈빌하우트,5,0,23,59.79, , ,228,11290,3
 ,2022,신규,22.07~24.07,2022,보문동1가,"61,000",보문리슈빌하우트,5,0,23,59.79, , ,228,11290,12
 ,2022,신규,22.07~24.07,2022,보문동1가,"25,000",보문리슈빌하우트,5,130,25,59.79, , ,228,11290,16
 ,2022,신규,22.06~24.06,2022,보문동1가,"62,000",보문리슈빌하우트,5,0,25,59.79, , ,228,11290,8
 ,2022,신규,22.06~24.06,2022,보문동1가,"58,000",보문리슈빌하우트,5,0,27,59.79, , ,228,11290,3
 ,2022,신규,22.07~24.02,2022,보문동1가,"20,000",보문리슈빌하우트,5,120,28,59.79, , ,228,11290,14
 ,2022,신규,22.07~24.07,2022,보문동1가,"63,000",보문리슈빌하우트,5,0,28,59.79, , ,228,11290,17
 ,2022,신규,22.07~24.07,2022,보문동1가,"60,000",보문리슈빌하우트,5,0,30,59.79, , ,228,11290,5
 ,2022,신규,22.08~24.08,2022,보문동1가,"88,000",보문리슈빌하우트,5,0,30,84.9, , ,228,11290,18
 ,2013,신규,22.05~24.05,2022,보문동3가,"40,000",이편한세상보문,5,90,2,84.904, , ,230,11290,7
 ,2003,신규,22.06~24.06,2022,보문동3가,"20,000",현대I-PARK,5,100,11,59.49, , ,2,11290,7
 ,2003,신규,22.06~24.06,2022,보문동3가,"20,000",현대I-PARK,5,100,11,59.49, , ,2,11290,7
사용,2013,갱신,22.06~24.06,2022,보문동3가,"50,000",이편한세상보문,5,0,16,84.904,"50,000", ,230,11290,8
사용,2013,갱신,22.08~24.08,2022,보문동3가,"60,900",이편한세상보문,5,0,16,84.774,"58,000", ,230,11290,1
 ,2013,신규,22.07~24.07,2022,보문동3가,"67,000",이편한세상보문,5,0,18,84.904, , ,230,11290,5
 ,2013,갱신,22.05~24.05,2022,보문동3가,"53,000",이편한세상보문,5,0,30,84.774,"50,000", ,230,11290,3
 ,2013, ,22.06~24.06,2022,보문동3가,"70,000",이편한세상보문,5,0,31,84.904, , ,230,11290,13
 ,2013,신규,22.06~24.06,2022,보문동3가,"65,000",이편한세상보문,5,0,31,84.904, , ,230,11290,11
 ,2013,신규,22.06~24.06,2022,보문동3가,"65,000",이편한세상보문,5,0,31,84.904, , ,230,11290,11
 ,2013, ,22.06~24.06,2022,보문동3가,"70,000",이편한세상보문,5,0,31,84.904, , ,230,11290,13
 ,2008, , ,2022,정릉동,"30,000",정릉2차대주피오레,5,60,1,84.9823, , ,1032,11290,9
 ,2008,신규,22.07~24.07,2022,정릉동,"30,000",정릉2차대주피오레,5,60,1,84.9823, , ,1032,11290,9
 ,2005,신규,22.06~24.06,2022,정릉동,"25,000",정릉풍림아이원,5,30,3,59.88, , ,239,11290,1
 ,2005,신규,22.06~24.06,2022,정릉동,"25,000",정릉풍림아이원,5,30,3,59.88, , ,239,11290,1
 ,2004,신규,22.07~24.07,2022,정릉동,"51,000",중앙하이츠빌1단지,5,0,4,84.98, , ,494,11290,18
사용,2007,갱신,22.05~24.05,2022,정릉동,"47,250",정릉힐스테이트1차,5,0,4,84.823,"45,000", ,1030,11290,11
사용,2003,갱신,22.06~24.06,2022,정릉동,"38,800",정릉푸른마을동아,5,0,4,84.96,"37,000", ,210,11290,15
 ,2001, , ,2022,정릉동,"20,000",대우,5,80,5,114.84, , ,1021,11290,1
 ,2001,신규,22.06~24.06,2022,정릉동,"20,000",대우,5,80,5,114.84, , ,1021,11290,1
 ,2008,신규,22.05~23.05,2022,정릉동,"55,000",정릉힐스테이트3차,5,0,6,59.98, , ,1031,11290,3
 ,2005,갱신,22.05~24.05,2022,정릉동,"26,700",정릉풍림아이원,5,0,6,59.88,"25,500", ,239,11290,14
 ,2008, , ,2022,정릉동,"50,000",라온유,5,0,7,84.65, , ,1034,11290,4
 ,2009, , ,2022,정릉동,"42,000",정릉2차e-편한세상,5,0,7,59.37, , ,1035,11290,3
사용,2009,갱신,22.05~24.05,2022,정릉동,"42,000",정릉2차e-편한세상,5,0,7,59.37,"40,000", ,1035,11290,3
 ,2015,갱신,22.05~24.05,2022,정릉동,"65,000",정릉꿈에그린,5,0,8,109.06,"58,000", ,1037,11290,18
 ,2004,갱신,22.06~24.06,2022,정릉동,"30,000",중앙하이츠빌1단지,5,40,9,59.98,"20,000",40,494,11290,6
사용,2005,갱신,22.05~24.05,2022,정릉동,"28,350",중앙하이츠빌2단지,5,32,9,84.6824,"27,000",30,435,11290,9
 ,1999,신규,22.07~24.07,2022,정릉동,"20,000",쌍용2,5,70,9,59.9, , ,1017,11290,16
 ,2005,신규,22.08~24.08,2022,정릉동,"50,000",정릉풍림아이원,5,0,10,84.09, , ,239,11290,16
 ,1999,신규,22.05~24.05,2022,정릉동,"37,000",길음뉴타운데시앙,5,0,10,59.42, , ,1018,11290,9
 ,1999, , ,2022,정릉동,"37,000",길음뉴타운데시앙,5,0,10,59.42, , ,1018,11290,9
 ,1999,신규,22.06~24.06,2022,정릉동,"57,000",정릉스카이쌍용아파트,5,0,10,84.19, , ,1014,11290,6
 ,2008,갱신,22.06~24.06,2022,정릉동,"65,000",정릉힐스테이트3차,5,0,10,114.78,"55,000", ,1031,11290,7
 ,2005,신규,22.08~24.08,2022,정릉동,"50,000",정릉풍림아이원,5,0,10,84.09, , ,239,11290,16
사용,2005,갱신,22.05~24.05,2022,정릉동,"22,000",정릉풍림아이원,5,10,12,59.88,"25,000", ,239,11290,13
 ,2000,신규,22.05~24.05,2022,정릉동,"5,000",정릉우성아파트 101~105동,5,110,12,59.97, , ,1020,11290,13
 ,1999,갱신,22.06~24.06,2022,정릉동,"50,000",정릉스카이쌍용아파트,5,0,13,84.19,"37,500", ,1014,11290,11
 ,2009,신규,22.07~24.07,2022,정릉동,"20,000",정릉2차e-편한세상,5,130,13,84.09, , ,1035,11290,4
사용,2006,갱신,22.06~24.06,2022,정릉동,"34,500",정릉e-편한세상,5,0,14,59.77,"33,000", ,1028,11290,17
 ,2001,신규,22.06~24.06,2022,정릉동,"31,000",대우,5,0,14,59.98, , ,1021,11290,12
 ,1999,신규,22.08~24.08,2022,정릉동,"3,000",길음뉴타운경남아너스빌,5,120,14,59.59, , ,1015,11290,7
 ,2005,신규,22.07~24.07,2022,정릉동,"5,000",정릉푸르지오,5,105,14,59.98, , ,406,11290,7
 ,1999,신규,22.07~24.07,2022,정릉동,"38,000",길음뉴타운데시앙,5,0,14,59.42, , ,1018,11290,13
사용,2003,갱신,22.06~24.06,2022,정릉동,"34,500",정릉푸른마을동아,5,0,14,84.96,"33,000", ,210,11290,4
 ,2008,신규,22.06~24.06,2022,정릉동,"10,000",정릉힐스테이트3차,5,120,14,59.98, , ,1031,11290,2
 ,2005, , ,2022,정릉동,"5,000",정릉푸르지오,5,105,14,59.98, , ,406,11290,7
사용,2005,갱신,22.05~24.05,2022,정릉동,"33,000",정릉풍림아이원,5,0,14,84.09,"32,000", ,239,11290,3
 ,2004,갱신,22.06~24.06,2022,정릉동,"40,000",중앙하이츠빌1단지,5,0,16,59.98,"30,000",40,494,11290,6
 ,2000,신규,22.10~24.10,2022,정릉동,"5,000",정릉성원아파트101동102동,5,85,16,59.94, , ,1019,11290,13
사용,2005,갱신,22.08~24.08,2022,정릉동,"26,250",정릉풍림아이원,5,0,16,59.88,"25,000", ,239,11290,5
사용,2005,갱신,22.06~24.06,2022,정릉동,"5,000",정릉풍림아이원,5,74,16,59.88,"5,000",70,239,11290,15
 ,2005, , ,2022,정릉동,"26,250",정릉풍림아이원,5,0,16,59.88, , ,239,11290,5
 ,1999,신규,22.06~24.06,2022,정릉동,"38,000",길음뉴타운데시앙,5,0,17,59.42, , ,1018,11290,8
 ,2009,신규,22.08~24.08,2022,정릉동,"48,000",정릉2차e-편한세상,5,0,18,59.37, , ,1035,11290,8
 ,2015,신규,22.08~24.08,2022,정릉동,"62,000",정릉꿈에그린,5,0,19,84.56, , ,1037,11290,6
 ,2004,신규,22.09~24.09,2022,정릉동,"50,000",피오레,5,0,19,94.59, , ,1024,11290,9
 ,2015,신규,22.08~24.08,2022,정릉동,"62,000",정릉꿈에그린,5,0,19,84.56, , ,1037,11290,6
 ,1999,신규,22.05~24.05,2022,정릉동,"50,000",길음뉴타운데시앙,5,0,19,84.44, , ,1018,11290,12
 ,2005,신규,22.07~24.07,2022,정릉동,"40,000",정릉푸르지오,5,50,19,84.89, , ,406,11290,10
 ,2001,신규,22.06~24.06,2022,정릉동,"23,000",대우,5,0,19,43.11, , ,1021,11290,8
사용,2001,갱신,22.08~24.08,2022,정릉동,"16,700",대우,5,0,19,43.11,"16,000", ,1021,11290,1
 ,2005,신규, ,2022,정릉동,"52,500",중앙하이츠빌2단지,5,0,19,84.6824, , ,435,11290,20
 ,2009,신규,22.06~24.06,2022,정릉동,"50,000",정릉2차e-편한세상,5,0,20,59.37, , ,1035,11290,2
사용,1999,갱신,22.06~24.06,2022,정릉동,"25,200",길음뉴타운데시앙,5,0,20,59.42,"24,000", ,1018,11290,3
 ,1999,갱신,22.05~24.05,2022,정릉동,"35,000",길음뉴타운데시앙,5,0,20,84.94,"31,000", ,1018,11290,2
 ,2005,신규,22.08~24.08,2022,정릉동,"30,000",정릉풍림아이원,5,115,21,114.75, , ,239,11290,8
 ,2005,신규,22.08~24.08,2022,정릉동,"30,000",정릉풍림아이원,5,115,21,114.75, , ,239,11290,8
 ,2004,신규,22.08~24.08,2022,정릉동,"44,000",중앙하이츠빌1단지,5,0,22,59.98, , ,494,11290,14
 ,2003,신규,22.07~24.07,2022,정릉동,"30,000",정릉푸른마을동아,5,60,22,84.96, , ,210,11290,2
사용,2009,갱신,22.06~24.06,2022,정릉동,"40,950",정릉2차e-편한세상,5,0,23,59.37,"39,000", ,1035,11290,7
 ,2006,신규,22.06~24.06,2022,정릉동,"38,000",정릉e-편한세상,5,0,23,59.77, , ,1028,11290,5
사용,2006,갱신,22.08~24.08,2022,정릉동,"35,700",정릉e-편한세상,5,0,23,59.77,"34,000", ,1028,11290,6
사용,2005,갱신,22.05~24.06,2022,정릉동,"34,125",중앙하이츠빌2단지,5,0,23,59.8188,"32,500", ,435,11290,1
 ,1977, , ,2022,정릉동,"2,500","산장아파트가동,나동",5,70,24,52.89, , ,780,11290,10
사용,1999,갱신,22.07~24.07,2022,정릉동,"7,000",정릉스카이쌍용아파트,5,75,24,59.9,"7,000",70,1014,11290,2
 ,2005,신규,22.05~23.01,2022,정릉동,"59,300",정릉풍림아이원,5,0,24,60, , ,239,11290,12
 ,2005,신규,22.06~24.06,2022,정릉동,"20,000",정릉풍림아이원,5,80,24,84.09, , ,239,11290,9
 ,2008, , ,2022,정릉동,"57,000",정릉힐스테이트3차,5,0,25,84.97, , ,1031,11290,10
 ,2008, , ,2022,정릉동,"57,000",정릉힐스테이트3차,5,0,25,84.97, , ,1031,11290,10
 ,2006,갱신,22.05~24.05,2022,정릉동,"40,000",정릉e-편한세상,5,0,25,85,"38,000", ,1028,11290,10
 ,2005,신규,22.07~24.06,2022,정릉동,"10,000",정릉풍림아이원,5,135,25,84.09, , ,239,11290,11
 ,2008,신규,22.08~24.08,2022,정릉동,"57,000",정릉힐스테이트3차,5,0,25,84.97, , ,1031,11290,10
 ,2008,신규,22.08~24.08,2022,정릉동,"57,000",정릉힐스테이트3차,5,0,25,84.97, , ,1031,11290,10
사용,2001,갱신,22.08~24.08,2022,정릉동,"20,470",대우,5,0,26,43.11,"19,500", ,1021,11290,7
 ,2009,신규,22.08~24.08,2022,정릉동,"48,000",정릉2차e-편한세상,5,0,26,59.37, , ,1035,11290,8
 ,2000,갱신,22.06~24.06,2022,정릉동,"6,500",정릉우성아파트 101~105동,5,75,26,46.65,"5,000",60,1020,11290,9
 ,2001, , ,2022,정릉동,"31,900",대우,5,0,26,84.83, , ,1021,11290,3
 ,2006,신규,22.07~24.07,2022,정릉동,"30,000",정릉e-편한세상,5,35,26,59.77, , ,1028,11290,14
사용,2003,갱신,22.06~24.06,2022,정릉동,"39,900",정릉푸른마을동아,5,0,27,84.96,"38,000", ,210,11290,8
 ,2008,신규,22.06~24.06,2022,정릉동,"40,000",정릉힐스테이트3차,5,0,27,59.98, , ,1031,11290,1
사용,2015,갱신,22.06~24.06,2022,정릉동,"20,000",정릉꿈에그린,5,56,28,59.63,"20,000",50,1037,11290,8
 ,1977,신규,22.06~24.06,2022,정릉동,"39,000","산장아파트가동,나동",5,0,28,71.5, , ,780,11290,2
 ,2005, , ,2022,정릉동,"27,300",정릉풍림아이원,5,0,28,59.88, , ,239,11290,5
 ,2005, , ,2022,정릉동,"27,300",정릉풍림아이원,5,0,28,59.88, , ,239,11290,5
 ,2005, , ,2022,정릉동,"5,000",정릉풍림아이원,5,90,30,59.88, , ,239,11290,16
 ,2006, ,22.05~24.06,2022,정릉동,"47,200",정릉e-편한세상,5,0,30,114.56, , ,1028,11290,6
 ,2005,갱신,22.07~24.07,2022,정릉동,"35,000",정릉풍림아이원,5,0,30,59.88,"26,000", ,239,11290,14
 ,2008,신규,22.08~25.08,2022,정릉동,"57,000",정릉힐스테이트3차,5,0,30,84.97, , ,1031,11290,6
 ,2003,신규,22.08~24.08,2022,정릉동,"58,000",정릉푸른마을동아,5,0,30,114.81, , ,210,11290,13
 ,2003, , ,2022,정릉동,"29,000",정릉푸른마을동아,5,0,30,59.94, , ,210,11290,12
 ,2005,신규,22.07~24.07,2022,정릉동,"5,000",정릉풍림아이원,5,90,30,59.88, , ,239,11290,16
사용,2005,갱신,22.06~24.06,2022,정릉동,"30,450",정릉풍림아이원,5,0,31,60,"29,000", ,239,11290,12
 ,2004,신규,22.08~24.08,2022,정릉동,"30,000",중앙하이츠빌1단지,5,30,31,84.98, , ,494,11290,4
 ,2000,신규,22.07~24.07,2022,정릉동,"10,000",정릉우성아파트 101~105동,5,80,31,46.65, , ,1020,11290,11
 ,1977,신규,22.05~24.05,2022,정릉동,"3,000","산장아파트가동,나동",5,70,31,52.89, , ,780,11290,1
 ,2019,신규, ,2022,길음동,"12,412",롯데캐슬골든힐스,5,24,1,59.9284, , ,1287-1,11290,4
 ,2005,신규,22.05~24.05,2022,길음동,"10,000",길음뉴타운2단지푸르지오,5,170,1,84.97, , ,1280,11290,6
 ,2000,신규,22.05~24.05,2022,길음동,"4,000",길음현대,5,90,1,59.98, , ,1277,11290,9
 ,2000, , ,2022,길음동,"4,000",길음현대,5,90,1,59.98, , ,1277,11290,9
 ,2003, , ,2022,길음동,"15,000",길음동동부센트레빌(1278-0),5,120,2,84.844, , ,1278,11290,8
 ,2003,신규,22.06~24.06,2022,길음동,"15,000",길음동동부센트레빌(1278-0),5,120,2,84.844, , ,1278,11290,8
 ,2019, , ,2022,길음동,"1,630",래미안길음센터피스,5,11,3,33.46, , ,498,11290,6
 ,2010, , ,2022,길음동,"2,847","길음9단지(임대951동~953동,1286-7)",5,24,3,33.28, , ,1286-7,11290,9
 ,2010, , ,2022,길음동,"5,375","길음9단지(임대951동~953동,1286-7)",5,9,3,33.28, , ,1286-7,11290,7
 ,2022,신규,22.06~24.08,2022,길음동,"65,000",롯데캐슬클라시아,5,0,3,59.7812, , ,1289,11290,5
 ,2003,신규,22.07~24.07,2022,길음동,"50,000",길음동동부센트레빌(1278-0),5,0,3,84.844, , ,1278,11290,16
 ,2010, , ,2022,길음동,"2,847","길음9단지(임대951동~953동,1286-7)",5,24,3,33.28, , ,1286-7,11290,7
 ,2003, , ,2022,길음동,"1,512","길음동부센트(임대119동,120동,1278-1)",5,18,3,34.883, , ,1278-1,11290,11
 ,2010,신규,22.06~24.06,2022,길음동,"96,000",길음뉴타운8단지(래미안),5,0,3,114.98, , ,1284,11290,14
 ,2022,신규,22.07~24.07,2022,길음동,"120,000",롯데캐슬클라시아,5,0,3,112.5059, , ,1289,11290,18
사용,2003,갱신,22.06~24.06,2022,길음동,"37,800",길음뉴타운1단지(래미안길음1차),5,0,4,59.99,"36,000", ,1279,11290,12
 ,2019,신규,22.05~24.05,2022,길음동,"10,000",래미안길음센터피스,5,180,4,59.97, , ,498,11290,15
 ,2003,신규,22.07~24.07,2022,길음동,"40,000",길음뉴타운1단지(래미안길음1차),5,105,5,114.98, , ,1279,11290,17
사용,2005,갱신,22.06~24.06,2022,길음동,"5,000",길음뉴타운4단지(e편한세상),5,158,5,84.64,"5,000",150,1281,11290,7
 ,1998,신규,22.06~24.06,2022,길음동,"45,000",삼부컨비니언,5,0,5,84.13, , ,1276,11290,12
사용,1998,갱신,22.06~24.05,2022,길음동,"31,500",삼부컨비니언,5,0,5,59.94,"30,000", ,1276,11290,3
 ,2010, ,22.08~24.08,2022,길음동,"56,000",길음뉴타운8단지(래미안),5,0,6,114.98, , ,1284,11290,15
 ,2022,신규,22.06~24.06,2022,길음동,"85,000",롯데캐슬클라시아,5,0,6,84.7694, , ,1289,11290,11
 ,2010, , ,2022,길음동,"3,870",길음뉴타운7단지(두산위브),5,130,6,59.98, , ,1285,11290,15
 ,2010,신규,22.06~24.06,2022,길음동,"3,870",길음뉴타운7단지(두산위브),5,130,6,59.98, , ,1285,11290,15
 ,2010, , ,2022,길음동,"56,000",길음뉴타운8단지(래미안),5,0,6,114.98, , ,1284,11290,15
 ,2003,신규,22.07~24.07,2022,길음동,"49,000",길음뉴타운1단지(래미안길음1차),5,0,6,84.96, , ,1279,11290,16
 ,2006,신규,22.06~24.06,2022,길음동,"20,000",길음뉴타운5단지(래미안),5,155,6,84.96, , ,1282,11290,9
 ,1998, , ,2022,길음동,"38,000",삼부컨비니언,5,0,7,59.94, , ,1276,11290,13
 ,2010,갱신, ,2022,길음동,"8,000",길음뉴타운8단지(래미안),5,135,7,84.82,"8,000",130,1284,11290,5
 ,2010,신규,22.06~24.06,2022,길음동,"5,000",길음뉴타운9단지(래미안),5,166,7,59.96, , ,1286,11290,11
 ,2010, , ,2022,길음동,"10,000",길음뉴타운9단지(래미안),5,150,7,59.96, , ,1286,11290,11
 ,2022, , ,2022,길음동,"20,000",롯데캐슬클라시아,5,170,7,84.9757, , ,1289,11290,25
사용,2003,갱신,22.05~24.05,2022,길음동,"51,400",길음동동부센트레빌(1278-0),5,0,7,114.912,"49,000", ,1278,11290,19
 ,2010,신규,22.06~24.06,2022,길음동,"55,000",길음뉴타운8단지(래미안),5,0,7,59.9, , ,1284,11290,4
 ,2007,신규,22.07~24.07,2022,길음동,"57,000",길음뉴타운6단지(래미안),5,0,7,59.373, , ,1283,11290,17
 ,2006,신규,22.06~24.06,2022,길음동,"60,000",길음뉴타운5단지(래미안),5,0,7,84.96, , ,1282,11290,2
 ,2019,신규,22.07~24.07,2022,길음동,"10,000",래미안길음센터피스,5,240,9,84.9, , ,498,11290,8
 ,2003, , ,2022,길음동,"59,000",길음뉴타운1단지(래미안길음1차),5,0,9,84.96, , ,1279,11290,13
 ,2022,신규,22.05~24.05,2022,길음동,"30,000",롯데캐슬클라시아,5,150,9,84.7694, , ,1289,11290,14
사용,2005,갱신,22.06~24.06,2022,길음동,"15,000",길음뉴타운4단지(e편한세상),5,70,9,59.86,"15,000",65,1281,11290,4
 ,2003,신규,22.07~24.07,2022,길음동,"59,000",길음뉴타운1단지(래미안길음1차),5,0,9,84.96, , ,1279,11290,13
 ,1998,신규,22.05~24.05,2022,길음동,"5,000",삼부컨비니언,5,170,10,111.71, , ,1276,11290,9
 ,2022,신규,22.07~24.06,2022,길음동,"40,000",롯데캐슬클라시아,5,80,10,59.7812, , ,1289,11290,23
 ,2019,신규, ,2022,길음동,"38,272",래미안길음센터피스,5,0,10,84.99, , ,498,11290,2
 ,2010,갱신,22.05~24.05,2022,길음동,"60,000",길음뉴타운7단지(두산위브),5,0,10,84.96,"55,000", ,1285,11290,4
사용,2010,갱신,22.06~24.06,2022,길음동,"42,500",길음뉴타운8단지(래미안),5,0,10,59.99,"40,500", ,1284,11290,18
 ,2010,갱신,22.05~23.05,2022,길음동,"2,000",길음뉴타운8단지(래미안),5,130,10,59.99,"2,000",130,1284,11290,7
 ,2022,신규,22.07~24.06,2022,길음동,"40,000",롯데캐슬클라시아,5,80,10,59.7812, , ,1289,11290,23
 ,2022,신규,22.05~24.05,2022,길음동,"73,000",롯데캐슬클라시아,5,0,10,84.9757, , ,1289,11290,1
 ,2005,갱신,22.05~24.05,2022,길음동,"5,000",길음뉴타운3단지푸르지오,5,140,10,84.97,"5,000",125,1280-1,11290,4
 ,2005,갱신,22.08~24.08,2022,길음동,"2,000",길음뉴타운4단지(e편한세상),5,140,10,59.97,"2,000",115,1281,11290,6
 ,2007,신규,22.06~24.07,2022,길음동,0,길음뉴타운6단지(래미안),5,170,10,84.049, , ,1283,11290,3
 ,2019, , ,2022,길음동,652,래미안길음센터피스,5,13,10,33.46, , ,498,11290,11
 ,2022,신규,22.08~24.08,2022,길음동,"30,000",롯데캐슬클라시아,5,190,11,84.7694, , ,1289,11290,34
 ,2005, , ,2022,길음동,"10,000",길음뉴타운2단지푸르지오,5,99,11,84.97, , ,1280,11290,5
 ,2003,신규,22.07~24.07,2022,길음동,"60,000",길음뉴타운1단지(래미안길음1차),5,0,11,84.96, , ,1279,11290,14
 ,2005,신규,22.07~24.07,2022,길음동,"59,000",길음뉴타운4단지(e편한세상),5,0,12,84.64, , ,1281,11290,15
사용,2010,갱신,22.07~24.07,2022,길음동,"6,000",길음뉴타운8단지(래미안),5,105,12,59.99,"6,000",100,1284,11290,11
사용,2005,갱신,22.05~24.05,2022,길음동,"63,000",길음뉴타운4단지(e편한세상),5,0,13,84.64,"60,000", ,1281,11290,11
사용,2005,갱신,22.05~24.05,2022,길음동,"52,500",길음뉴타운2단지푸르지오,5,0,13,84.97,"50,000", ,1280,11290,8
 ,2003, ,22.08~23.07,2022,길음동,"30,000",길음뉴타운1단지(래미안길음1차),5,35,14,59.99, , ,1279,11290,6
사용,2005,갱신,22.06~24.06,2022,길음동,"45,000",길음뉴타운3단지푸르지오,5,0,14,84.97,"43,000", ,1280-1,11290,16
 ,2005, , ,2022,길음동,"45,000",길음뉴타운3단지푸르지오,5,0,14,84.97, , ,1280-1,11290,16
 ,2005,신규,22.06~24.06,2022,길음동,"60,000",길음뉴타운4단지(e편한세상),5,0,14,84.64, , ,1281,11290,6
사용,2007,갱신,22.05~24.05,2022,길음동,"54,600",길음뉴타운6단지(래미안),5,0,14,84.049,"52,000", ,1283,11290,12
 ,2007, , ,2022,길음동,"54,600",길음뉴타운6단지(래미안),5,0,14,84.049, , ,1283,11290,12
 ,2022,신규,22.06~24.06,2022,길음동,"62,000",롯데캐슬클라시아,5,0,14,59.7812, , ,1289,11290,26
 ,2022,신규,22.07~24.07,2022,길음동,"35,000",롯데캐슬클라시아,5,100,14,59.8745, , ,1289,11290,9
 ,2010, , ,2022,길음동,"56,000",길음뉴타운8단지(래미안),5,0,14,59.99, , ,1284,11290,6
사용,2010,갱신,22.06~24.06,2022,길음동,"20,000",길음뉴타운8단지(래미안),5,134,14,84.92,"20,000",125,1284,11290,14
 ,2003, , ,2022,길음동,"10,000",길음동동부센트레빌(1278-0),5,140,14,84.844, , ,1278,11290,5
 ,2003,신규,22.08~24.08,2022,길음동,"50,000",길음동동부센트레빌(1278-0),5,0,14,59.998, , ,1278,11290,3
 ,2003,갱신,22.05~24.05,2022,길음동,"36,700",길음동동부센트레빌(1278-0),5,0,14,59.998,"34,700", ,1278,11290,4
 ,2006,신규,22.07~24.07,2022,길음동,"10,000",길음뉴타운5단지(래미안),5,170,15,84.96, , ,1282,11290,12
 ,2019,신규, ,2022,길음동,"19,766",래미안길음센터피스,5,0,16,33.46, , ,498,11290,14
 ,2019,신규, ,2022,길음동,"30,555",래미안길음센터피스,5,0,16,59.97, , ,498,11290,3
 ,2019,신규, ,2022,길음동,"38,272",래미안길음센터피스,5,0,16,84.95, , ,498,11290,3
 ,2019,신규, ,2022,길음동,"19,766",래미안길음센터피스,5,0,16,33.46, , ,498,11290,4
 ,2019,신규, ,2022,길음동,"38,272",래미안길음센터피스,5,0,16,84.66, , ,498,11290,2
 ,2019,신규, ,2022,길음동,"19,766",래미안길음센터피스,5,0,16,33.46, , ,498,11290,4
 ,2019,신규, ,2022,길음동,"19,766",래미안길음센터피스,5,0,16,33.46, , ,498,11290,13
 ,2019,신규, ,2022,길음동,"35,043",래미안길음센터피스,5,0,16,73.92, , ,498,11290,9
 ,2019,신규, ,2022,길음동,"19,766",래미안길음센터피스,5,0,16,33.46, , ,498,11290,6
 ,2019,신규, ,2022,길음동,"30,555",래미안길음센터피스,5,0,16,59.97, , ,498,11290,1
 ,2019,신규, ,2022,길음동,"38,272",래미안길음센터피스,5,0,16,84.99, , ,498,11290,2
 ,2019,신규, ,2022,길음동,"30,555",래미안길음센터피스,5,0,16,59.97, , ,498,11290,2
 ,2019,신규, ,2022,길음동,"30,555",래미안길음센터피스,5,0,16,59.9, , ,498,11290,3
 ,2019,신규, ,2022,길음동,"38,272",래미안길음센터피스,5,0,16,84.95, , ,498,11290,1
 ,2019,신규, ,2022,길음동,"19,766",래미안길음센터피스,5,0,16,33.46, , ,498,11290,12
 ,2019,신규, ,2022,길음동,"19,766",래미안길음센터피스,5,0,16,33.46, , ,498,11290,7
 ,2019,신규, ,2022,길음동,"35,043",래미안길음센터피스,5,0,16,73.92, , ,498,11290,7
 ,2019,신규, ,2022,길음동,"19,766",래미안길음센터피스,5,0,16,33.46, , ,498,11290,4
 ,2019,신규, ,2022,길음동,"19,766",래미안길음센터피스,5,0,16,33.46, , ,498,11290,2
 ,2019,신규, ,2022,길음동,"30,555",래미안길음센터피스,5,0,16,59.9, , ,498,11290,1
 ,2019,신규, ,2022,길음동,"35,043",래미안길음센터피스,5,0,16,73.92, , ,498,11290,5
 ,2022,신규,22.06~24.06,2022,길음동,"62,000",롯데캐슬클라시아,5,0,16,59.8826, , ,1289,11290,4
 ,2022,신규,22.06~24.06,2022,길음동,"83,000",롯데캐슬클라시아,5,0,16,84.7694, , ,1289,11290,13
 ,2019,신규, ,2022,길음동,"30,555",래미안길음센터피스,5,0,16,59.99, , ,498,11290,3
 ,2019,신규, ,2022,길음동,"30,555",래미안길음센터피스,5,0,16,59.9, , ,498,11290,2
 ,2019,신규, ,2022,길음동,"19,766",래미안길음센터피스,5,0,16,33.46, , ,498,11290,4
 ,2019,신규, ,2022,길음동,"35,043",래미안길음센터피스,5,0,16,73.92, , ,498,11290,8
 ,2019,신규, ,2022,길음동,"19,766",래미안길음센터피스,5,0,16,33.46, , ,498,11290,8
 ,2019,신규, ,2022,길음동,"19,766",래미안길음센터피스,5,0,16,33.46, , ,498,11290,8
 ,2019,신규, ,2022,길음동,"38,272",래미안길음센터피스,5,0,17,84.66, , ,498,11290,2
 ,2019,신규,22.06~24.06,2022,길음동,"5,000",래미안길음센터피스,5,170,17,59.99, , ,498,11290,7
 ,2022, , ,2022,길음동,"20,000",롯데캐슬클라시아,5,200,17,84.7694, , ,1289,11290,30
사용,2010,갱신,22.05~24.05,2022,길음동,"60,900",길음뉴타운8단지(래미안),5,0,17,84.94,"58,000", ,1284,11290,15
 ,2019,신규, ,2022,길음동,"38,272",래미안길음센터피스,5,0,17,84.9, , ,498,11290,2
 ,2019,신규, ,2022,길음동,"19,766",래미안길음센터피스,5,0,17,33.46, , ,498,11290,2
 ,2003,신규,22.05~24.05,2022,길음동,"48,300",길음동동부센트레빌(1278-0),5,0,17,84.844, , ,1278,11290,11
 ,2003,신규,22.07~24.07,2022,길음동,"46,000",길음뉴타운1단지(래미안길음1차),5,0,17,59.99, , ,1279,11290,8
사용,2007,갱신,22.08~24.08,2022,길음동,"55,000",길음뉴타운6단지(래미안),5,10,17,113.226,"55,000", ,1283,11290,7
 ,2019,신규, ,2022,길음동,"35,043",래미안길음센터피스,5,0,17,73.92, , ,498,11290,9
 ,2019,신규, ,2022,길음동,"19,766",래미안길음센터피스,5,0,17,33.46, , ,498,11290,9
 ,2019,신규, ,2022,길음동,"30,555",래미안길음센터피스,5,0,17,59.97, , ,498,11290,2
 ,2003,신규,22.07~24.07,2022,길음동,"52,000",길음뉴타운1단지(래미안길음1차),5,0,17,59.99, , ,1279,11290,3
사용,1998,갱신,22.06~24.06,2022,길음동,"29,400",삼부컨비니언,5,0,17,59.94,"28,000", ,1276,11290,15
 ,2019,신규, ,2022,길음동,"19,766",래미안길음센터피스,5,0,17,33.46, , ,498,11290,9
 ,2019,신규, ,2022,길음동,"19,766",래미안길음센터피스,5,0,18,33.46, , ,498,11290,9
 ,2007,신규,22.08~24.08,2022,길음동,"40,000",길음뉴타운6단지(래미안),5,60,18,59.373, , ,1283,11290,19
 ,2005,신규,22.07~24.07,2022,길음동,"70,000",길음뉴타운4단지(e편한세상),5,0,18,114.88, , ,1281,11290,7
사용,2005,갱신,22.05~24.05,2022,길음동,"36,750",길음뉴타운4단지(e편한세상),5,0,18,59.86,"35,000", ,1281,11290,7
 ,2005, , ,2022,길음동,"70,000",길음뉴타운4단지(e편한세상),5,0,18,114.88, , ,1281,11290,7
 ,2003, , ,2022,길음동,"39,690",길음뉴타운1단지(래미안길음1차),5,0,18,59.99, , ,1279,11290,3
 ,2019,신규, ,2022,길음동,"38,272",래미안길음센터피스,5,0,18,84.95, , ,498,11290,1
 ,2019,신규, ,2022,길음동,"30,555",래미안길음센터피스,5,0,18,59.99, , ,498,11290,1
 ,2019,신규, ,2022,길음동,"30,555",래미안길음센터피스,5,0,18,59.99, , ,498,11290,2
사용,2019,갱신,22.05~24.05,2022,길음동,"57,700",래미안길음센터피스,5,0,19,59.9,"55,000", ,498,11290,11
 ,2005, , ,2022,길음동,"60,000",길음뉴타운4단지(e편한세상),5,0,19,84.64, , ,1281,11290,3
 ,2005,신규,22.08~24.08,2022,길음동,"60,000",길음뉴타운4단지(e편한세상),5,0,19,84.64, , ,1281,11290,3
사용,2005,갱신,22.05~24.03,2022,길음동,"44,100",길음뉴타운2단지푸르지오,5,0,19,84.97,"42,000", ,1280,11290,7
 ,2003,신규,22.06~24.06,2022,길음동,"50,000",길음동동부센트레빌(1278-0),5,0,19,84.844, , ,1278,11290,1
 ,2022,신규,22.07~24.07,2022,길음동,"50,000",롯데캐슬클라시아,5,100,19,84.9757, , ,1289,11290,20
 ,2022,신규,22.06~24.06,2022,길음동,"63,000",롯데캐슬클라시아,5,0,19,59.7812, , ,1289,11290,18
 ,2022, , ,2022,길음동,"63,000",롯데캐슬클라시아,5,0,19,59.7812, , ,1289,11290,18
 ,2019,갱신,22.05~23.05,2022,길음동,"42,950",래미안길음센터피스,5,0,20,59.9,"40,950", ,498,11290,25
 ,2022,신규,22.06~24.06,2022,길음동,"50,000",롯데캐슬클라시아,5,120,20,84.7694, , ,1289,11290,7
 ,2003,신규,22.08~24.08,2022,길음동,"30,000",길음동동부센트레빌(1278-0),5,65,20,84.844, , ,1278,11290,9
사용,2010,갱신,22.06~24.06,2022,길음동,"49,875",길음뉴타운9단지(래미안),5,0,20,59.96,"47,500", ,1286,11290,6
 ,2010,신규,22.08~24.08,2022,길음동,"72,000",길음뉴타운9단지(래미안),5,0,20,84.95, , ,1286,11290,28
 ,2010, , ,2022,길음동,"57,330",길음뉴타운8단지(래미안),5,0,20,84.82, , ,1284,11290,11
 ,2003,신규,22.08~24.08,2022,길음동,"30,000",길음동동부센트레빌(1278-0),5,110,21,114.912, , ,1278,11290,4
 ,2003,신규,22.07~24.07,2022,길음동,"48,000",길음뉴타운1단지(래미안길음1차),5,0,21,59.99, , ,1279,11290,5
사용,2006,갱신,22.07~24.07,2022,길음동,"47,200",길음뉴타운5단지(래미안),5,0,21,59.75,"45,000", ,1282,11290,15
 ,2007, , ,2022,길음동,"20,000",길음뉴타운6단지(래미안),5,120,21,59.373, , ,1283,11290,5
 ,2007, , ,2022,길음동,"20,000",길음뉴타운6단지(래미안),5,120,21,59.373, , ,1283,11290,5
 ,2007,신규,22.08~24.08,2022,길음동,"20,000",길음뉴타운6단지(래미안),5,120,21,59.373, , ,1283,11290,5
 ,2010,신규,22.06~24.06,2022,길음동,"30,000",길음뉴타운8단지(래미안),5,110,21,84.82, , ,1284,11290,26
 ,2010,갱신,22.05~24.12,2022,길음동,"65,000",길음뉴타운7단지(두산위브),5,0,21,84.99,"57,000", ,1285,11290,2
 ,2010, , ,2022,길음동,"30,000",길음뉴타운7단지(두산위브),5,65,21,59.98, , ,1285,11290,16
 ,2010,신규,22.07~24.07,2022,길음동,"30,000",길음뉴타운7단지(두산위브),5,65,21,59.98, , ,1285,11290,16
 ,2019,신규,22.08~24.08,2022,길음동,"30,000",래미안길음센터피스,5,110,21,59.97, , ,498,11290,6
 ,2019,신규,22.08~24.08,2022,길음동,"30,000",래미안길음센터피스,5,110,21,59.97, , ,498,11290,6
 ,2022,신규,22.07~24.07,2022,길음동,"63,000",롯데캐슬클라시아,5,0,21,59.8745, , ,1289,11290,25
 ,2022,신규,22.06~24.06,2022,길음동,"16,000",롯데캐슬클라시아,5,180,21,59.8745, , ,1289,11290,14
사용,2005,갱신,22.07~24.07,2022,길음동,"52,500",길음뉴타운2단지푸르지오,5,0,22,84.97,"50,000", ,1280,11290,1
 ,2010, , ,2022,길음동,"3,000",길음뉴타운8단지(래미안),5,170,23,84.82, , ,1284,11290,21
사용,1998,갱신,22.05~23.10,2022,길음동,"39,900",삼부컨비니언,5,0,23,84.86,"38,000", ,1276,11290,8
 ,1998,신규,22.08~24.08,2022,길음동,"28,560",삼부컨비니언,5,0,23,59.94, , ,1276,11290,10
 ,2000,신규,22.06~24.06,2022,길음동,"21,000",길음현대,5,13,23,32.98, , ,1277,11290,5
 ,2007, , ,2022,길음동,"65,000",길음뉴타운6단지(래미안),5,0,23,84.049, , ,1283,11290,16
 ,2007,갱신,22.06~24.06,2022,길음동,"65,000",길음뉴타운6단지(래미안),5,0,23,84.049,"55,000", ,1283,11290,16
 ,2005, , ,2022,길음동,"43,540",길음뉴타운4단지(e편한세상),5,0,23,59.97, , ,1281,11290,15
 ,2010,갱신,22.05~24.05,2022,길음동,"3,000",길음뉴타운8단지(래미안),5,170,23,84.82,"3,000",130,1284,11290,21
 ,2003,갱신,22.07~24.07,2022,길음동,"63,000",길음뉴타운1단지(래미안길음1차),5,0,23,84.96,"60,000", ,1279,11290,18
 ,2005, , ,2022,길음동,"39,900",길음뉴타운2단지푸르지오,5,0,24,59.77, , ,1280,11290,16
 ,2005, , ,2022,길음동,"39,900",길음뉴타운2단지푸르지오,5,0,24,59.77, , ,1280,11290,16
사용,2005,갱신,22.05~23.05,2022,길음동,"39,900",길음뉴타운2단지푸르지오,5,0,24,59.77,"38,000", ,1280,11290,16
 ,2010, , ,2022,길음동,"56,000",길음뉴타운7단지(두산위브),5,0,24,84.96, , ,1285,11290,6
 ,2005, , ,2022,길음동,"53,550",길음뉴타운4단지(e편한세상),5,0,24,84.64, , ,1281,11290,19
 ,2007,신규,22.08~24.08,2022,길음동,"57,000",길음뉴타운6단지(래미안),5,0,24,59.373, , ,1283,11290,2
사용,1998,갱신,22.06~24.06,2022,길음동,"38,800",삼부컨비니언,5,0,24,84.13,"37,000", ,1276,11290,6
 ,2022,신규,22.06~24.06,2022,길음동,"75,000",롯데캐슬클라시아,5,0,25,84.9757, , ,1289,11290,2
 ,2022, , ,2022,길음동,"75,000",롯데캐슬클라시아,5,0,25,84.9757, , ,1289,11290,2
 ,2022, ,22.07~24.07,2022,길음동,"20,000",롯데캐슬클라시아,5,170,25,59.8826, , ,1289,11290,13
 ,2022, ,22.08~24.08,2022,길음동,"20,000",롯데캐슬클라시아,5,170,25,59.8826, , ,1289,11290,13
 ,2019,신규,22.06~24.06,2022,길음동,"62,000",롯데캐슬골든힐스,5,0,25,84.932, , ,1287-1,11290,12
 ,2022,신규,22.07~24.07,2022,길음동,"65,000",롯데캐슬클라시아,5,0,26,59.8745, , ,1289,11290,13
사용,2019,갱신,22.07~24.07,2022,길음동,"5,000",래미안길음센터피스,5,158,26,59.9,"5,000",150,498,11290,14
사용,2019,갱신,22.07~24.07,2022,길음동,"78,750",래미안길음센터피스,5,0,28,84.95,"75,000", ,498,11290,7
 ,2003, , ,2022,길음동,"50,400",길음뉴타운1단지(래미안길음1차),5,0,28,84.96, , ,1279,11290,14
 ,2006, , ,2022,길음동,"55,200",길음뉴타운5단지(래미안),5,0,28,84.96, , ,1282,11290,11
 ,2003,신규,22.09~24.09,2022,길음동,"7,000",길음동동부센트레빌(1278-0),5,100,28,59.998, , ,1278,11290,18
 ,2005,신규,22.08~24.08,2022,길음동,"73,000",길음뉴타운4단지(e편한세상),5,0,28,102.38, , ,1281,11290,12
사용,2010,갱신,22.05~24.10,2022,길음동,"52,500",길음뉴타운9단지(래미안),5,0,28,59.98,"50,000", ,1286,11290,18
사용,2010,갱신,22.07~24.07,2022,길음동,"50,400",길음뉴타운8단지(래미안),5,0,28,59.99,"48,000", ,1284,11290,23
 ,2005,신규,22.08~23.03,2022,길음동,"5,000",길음뉴타운4단지(e편한세상),5,180,28,84.64, , ,1281,11290,10
사용,2010,갱신,22.07~24.07,2022,길음동,"63,000",길음뉴타운8단지(래미안),5,0,28,84.92,"60,000", ,1284,11290,5
 ,2019,신규,22.07~24.07,2022,길음동,"65,000",래미안길음센터피스,5,0,30,59.99, , ,498,11290,8
 ,2010,신규,22.05~23.05,2022,길음동,"70,000",길음뉴타운8단지(래미안),5,0,30,84.92, , ,1284,11290,16
 ,2010,신규,22.09~24.09,2022,길음동,"10,000",길음뉴타운8단지(래미안),5,160,30,84.82, , ,1284,11290,12
사용,2003,갱신,22.06~23.06,2022,길음동,"23,050",길음동동부센트레빌(1278-0),5,0,30,84.844,"23,500", ,1278,11290,7
 ,2006,갱신, ,2022,길음동,"50,000",길음뉴타운5단지(래미안),5,0,30,84.96,"47,000", ,1282,11290,11
 ,2010,갱신,22.07~24.07,2022,길음동,"10,000",길음뉴타운7단지(두산위브),5,120,31,59.98,"10,000",110,1285,11290,17
 ,2005,갱신, ,2022,길음동,"59,500",길음뉴타운3단지푸르지오,5,0,31,84.97,"59,500", ,1280-1,11290,9
 ,2009,신규,22.05~22.08,2022,종암동,"32,000",래미안세레니티,5,0,1,84.99, , ,133,11290,6
 ,2005,신규,22.07~24.07,2022,종암동,"30,000",아이파크종암동2차,5,90,5,84.73, , ,131,11290,15
 ,2004,신규,22.06~24.06,2022,종암동,"5,000",삼성래미안,5,150,5,84.95, , ,80,11290,8
사용,2009,갱신,22.07~24.07,2022,종암동,"44,100",래미안세레니티,5,0,9,59.97,"42,000", ,133,11290,14
 ,2004,신규,22.07~24.07,2022,종암동,"20,000",삼성래미안,5,100,9,84.95, , ,80,11290,7
 ,2004,신규,22.05~23.05,2022,종암동,"2,000",아이파크종암동1차,5,145,10,59.73, , ,130,11290,15
 ,2004,신규,22.07~24.07,2022,종암동,"50,000",아이파크종암동1차,5,0,13,59.73, , ,130,11290,8
 ,2004,갱신,22.05~24.05,2022,종암동,"55,000",아이파크종암동1차,5,0,14,84.98,"45,000", ,130,11290,6
 ,2004, , ,2022,종암동,"36,383",삼성래미안,5,0,14,59.99, , ,80,11290,3
사용,1999,갱신,22.08~24.08,2022,종암동,"35,000",종암에스케이,5,0,14,59.86,"33,500", ,104-1,11290,11
 ,2004,신규,22.08~24.08,2022,종암동,"65,000",아이파크종암동1차,5,0,14,84.98, , ,130,11290,17
 ,1999, , ,2022,종암동,"31,000",종암에스케이,5,0,16,59.04, , ,104-1,11290,9
 ,1999,갱신, ,2022,종암동,"31,000",종암에스케이,5,0,16,59.04,"26,000", ,104-1,11290,9
 ,2000,신규,22.06~24.06,2022,종암동,"20,000",극동,5,50,17,59.67, , ,128,11290,13
 ,1999, , ,2022,종암동,"3,048",종암에스케이,5,0,17,59.04, , ,104-1,11290,5
 ,1999,신규,22.06~24.06,2022,종암동,"30,000",종암에스케이,5,75,17,84.72, , ,104-1,11290,8
 ,1999, , ,2022,종암동,"30,000",종암에스케이,5,75,17,84.72, , ,104-1,11290,8
 ,2000, , ,2022,종암동,"20,000",극동,5,50,17,59.67, , ,128,11290,13
 ,1999, , ,2022,종암동,883,"종암SK(임대,107동,104-5)",5,12,18,26.28, , ,104-5,11290,6
 ,1999,신규,22.08~24.10,2022,종암동,"30,000",종암에스케이,5,25,18,84.72, , ,104-1,11290,1
 ,1999, , ,2022,종암동,"3,048","종암SK(임대,107동,104-5)",5,0,18,26.28, , ,104-5,11290,18
 ,2011,갱신,22.06~23.06,2022,종암동,"51,000",래미안라센트,5,0,18,84.99,"48,000", ,134,11290,4
사용,1999,갱신,22.06~24.06,2022,종암동,"34,650",종암에스케이,5,0,19,59.86,"33,000", ,104-1,11290,1
 ,2005,신규,22.07~24.07,2022,종암동,"40,950",아이파크종암동2차,5,0,21,59.61, , ,131,11290,1
 ,2005,신규,22.07~24.07,2022,종암동,"47,000",아이파크종암동2차,5,0,21,59.675, , ,131,11290,4
사용,2005,갱신,22.05~24.05,2022,종암동,"38,850",아이파크종암동2차,5,0,21,59.675,"37,000", ,131,11290,15
 ,2005, , ,2022,종암동,"47,000",아이파크종암동2차,5,0,21,59.675, , ,131,11290,4
 ,2004, , ,2022,종암동,"55,000",삼성래미안,5,0,21,84.95, , ,80,11290,9
 ,1999, , ,2022,종암동,"37,000",종암에스케이,5,0,21,59.04, , ,104-1,11290,16
 ,2000,신규,22.06~24.06,2022,종암동,"5,000",극동,5,110,21,59.67, , ,128,11290,15
 ,2004,신규,22.08~24.08,2022,종암동,"55,000",삼성래미안,5,0,21,84.95, , ,80,11290,9
 ,2010,갱신,22.05~24.05,2022,종암동,"50,400",종암2차SKVIEW,5,0,21,84.97,"48,000", ,135,11290,7
 ,1999,신규,22.07~24.07,2022,종암동,"67,000",종암에스케이,5,0,26,114.75, , ,104-1,11290,18
 ,1999,신규,22.07~24.07,2022,종암동,"44,000",종암에스케이,5,0,29,59.04, , ,104-1,11290,12
 ,2005,갱신,22.08~24.08,2022,종암동,"49,870",아이파크종암동2차,5,0,29,84.73,"47,500", ,131,11290,3
 ,2009,신규,22.09~24.09,2022,종암동,"5,000",래미안세레니티,5,150,30,59.97, , ,133,11290,2
 ,2004,신규,22.06~22.08,2022,종암동,500,삼성래미안,5,130,31,59.99, , ,80,11290,15
사용,2006,갱신,22.06~24.06,2022,하월곡동,"38,800",래미안월곡,5,0,2,59.754,"38,800", ,225,11290,4
 ,2006,신규,22.06~24.06,2022,하월곡동,"59,000",래미안월곡,5,0,2,84.589, , ,225,11290,6
 ,2010, ,22.05~24.05,2022,하월곡동,"37,800",꿈의숲푸르지오,5,0,2,59.65, , ,228,11290,11
 ,2011,신규,22.05~24.05,2022,하월곡동,"32,000",길음서희스타힐스,5,30,3,67.44, , ,229,11290,15
 ,2003,신규,22.07~24.07,2022,하월곡동,"47,000",월곡두산위브,5,0,3,59.855, , ,222,11290,13
 ,2003,신규,22.07~24.07,2022,하월곡동,"47,000",월곡두산위브,5,0,3,59.855, , ,222,11290,13
 ,2010,갱신,22.05~24.05,2022,하월곡동,"35,000",꿈의숲푸르지오,5,0,3,59.65,"33,000", ,228,11290,13
 ,2011,신규,22.05~24.05,2022,하월곡동,"32,000",길음서희스타힐스,5,30,3,67.44, , ,229,11290,15
 ,2011,신규,22.05~22.11,2022,하월곡동,"100,000",동일하이빌뉴시티,5,0,4,126.6, , ,230,11290,20
 ,2004,신규,22.05~24.05,2022,하월곡동,"8,000",샹그레빌,5,125,5,80.16, , ,224,11290,8
 ,2004,신규,22.05~24.05,2022,하월곡동,"8,000",샹그레빌,5,115,5,80.16, , ,224,11290,8
 ,2013,신규,22.05~23.05,2022,하월곡동,500,삼전솔하임3차,5,55,5,15.55, , ,88-510,11290,19
 ,2007,신규,22.06~24.06,2022,하월곡동,"5,000",월곡래미안루나밸리,5,180,6,84.88, , ,226,11290,15
 ,2007,갱신,22.05~24.08,2022,하월곡동,"45,000",월곡갑을명가,5,0,7,66.48,"40,000", ,227,11290,9
 ,2003,신규,22.08~24.08,2022,하월곡동,"55,000",월곡두산위브,5,0,7,84.843, , ,222,11290,12
사용,2003,갱신,22.05~24.05,2022,하월곡동,"42,000",월곡두산위브,5,0,7,84.992,"40,000", ,222,11290,8
 ,2010,신규,22.07~24.07,2022,하월곡동,"5,000",꿈의숲푸르지오,5,155,7,84.73, , ,228,11290,10
 ,2010,갱신,22.05~24.05,2022,하월곡동,"36,200",꿈의숲푸르지오,5,0,7,59.65,"1,500", ,228,11290,5
 ,2003,신규,22.06~24.06,2022,하월곡동,"40,000",월곡두산위브,5,30,8,59.855, , ,222,11290,7
사용,2007,갱신,22.05~24.05,2022,하월곡동,"44,000",성북힐스테이트(101동),5,0,9,84.14,"42,000", ,88-64,11290,3
 ,2011,신규, ,2022,하월곡동,"35,295",동일하이빌뉴시티,5,0,10,84.97, , ,230,11290,8
 ,2007,신규,22.07~24.07,2022,하월곡동,"64,000",월곡래미안루나밸리,5,0,10,84.88, , ,226,11290,16
 ,2004,신규,22.06~24.06,2022,하월곡동,"20,000",샹그레빌,5,90,10,79.984, , ,224,11290,16
 ,2003,신규,22.08~24.08,2022,하월곡동,"65,000",월곡두산위브,5,0,12,84.843, , ,222,11290,17
 ,2011,신규,22.07~24.07,2022,하월곡동,"51,000",길음서희스타힐스,5,0,13,84.54, , ,229,11290,19
사용,2003,갱신, ,2022,하월곡동,"43,050",월곡두산위브,5,0,14,114.752,"41,000", ,222,11290,2
사용,1998,갱신,22.05~24.05,2022,하월곡동,"10,000",동신,5,65,14,59.88,"10,000",60,219,11290,5
사용,1998,갱신,22.05~24.05,2022,하월곡동,"10,000",동신,5,65,14,59.88,"10,000",60,219,11290,5
 ,2011,신규,22.05~23.05,2022,하월곡동,"30,000",동일하이빌뉴시티,5,200,14,133.74, , ,230,11290,22
 ,2011,갱신,22.05~24.05,2022,하월곡동,"67,000",동일하이빌뉴시티,5,0,14,126.6,"64,000", ,230,11290,23
 ,2011, , ,2022,하월곡동,"30,000",동일하이빌뉴시티,5,200,14,133.74, , ,230,11290,22
사용,2011,갱신,22.06~24.06,2022,하월곡동,"46,725",길음서희스타힐스,5,0,14,84.91,"44,500", ,229,11290,15
사용,2003,갱신,22.07~24.07,2022,하월곡동,"48,300",월곡두산위브,5,0,14,84.843,"46,000", ,222,11290,5
 ,2007, , ,2022,하월곡동,"40,000",월곡래미안루나밸리,5,50,14,59.98, , ,226,11290,11
 ,2007,신규,22.06~24.06,2022,하월곡동,"58,000",월곡래미안루나밸리,5,0,14,84.88, , ,226,11290,15
 ,2011,신규,22.07~24.07,2022,하월곡동,"52,000",길음서희스타힐스,5,0,15,84.54, , ,229,11290,12
 ,2011, , ,2022,하월곡동,"52,000",길음서희스타힐스,5,0,15,84.54, , ,229,11290,12
사용,2007,갱신,22.06~24.06,2022,하월곡동,"13,000",월곡래미안루나밸리,5,85,15,59.98,"13,000",80,226,11290,18
 ,2007,신규,22.08~24.08,2022,하월곡동,"60,000",월곡래미안루나밸리,5,70,16,114.93, , ,226,11290,8
사용,2003,갱신,22.06~24.06,2022,하월곡동,"20,000",월곡두산위브,5,55,17,59.855,"20,000",50,222,11290,16
 ,2013,신규,22.06~23.06,2022,하월곡동,"1,000",삼전솔하임3차,5,50,17,15.54, , ,88-510,11290,18
 ,2003,갱신,22.05~23.05,2022,하월곡동,"43,000",월곡두산위브,5,0,17,84.647,"41,000", ,222,11290,13
 ,2011,신규,22.07~24.07,2022,하월곡동,"88,000",동일하이빌뉴시티,5,0,17,126.6, , ,230,11290,34
 ,2011,신규,22.06~24.06,2022,하월곡동,"30,000",동일하이빌뉴시티,5,190,18,126.6, , ,230,11290,23
 ,2010,갱신,22.07~24.07,2022,하월곡동,"5,000",꿈의숲푸르지오,5,115,18,59.65,"5,000",90,228,11290,7
 ,2010,갱신,22.05~24.05,2022,하월곡동,"11,000",꿈의숲푸르지오,5,105,19,59.65,"6,000",105,228,11290,3
 ,2007, , ,2022,하월곡동,"52,000",월곡래미안루나밸리,5,0,19,59.98, , ,226,11290,1
 ,2007,신규,22.09~24.09,2022,하월곡동,"52,000",월곡래미안루나밸리,5,0,19,59.98, , ,226,11290,1
 ,2010,신규,22.07~24.07,2022,하월곡동,"50,000",꿈의숲푸르지오,5,0,21,59.65, , ,228,11290,3
 ,1998,신규,22.08~24.08,2022,하월곡동,"52,000",동신,5,0,21,84.78, , ,219,11290,18
 ,1998,신규,22.09~24.09,2022,하월곡동,"42,000",동신,5,0,21,59.88, , ,219,11290,19
사용,2003,갱신,22.05~24.05,2022,하월곡동,"10,500",월곡두산위브,5,105,21,84.766,"10,000",100,222,11290,17
 ,2006,갱신,22.06~24.06,2022,하월곡동,"39,500",래미안월곡,5,0,21,59.754,"37,500", ,225,11290,8
 ,2007,신규,22.07~24.07,2022,하월곡동,"50,000",월곡래미안루나밸리,5,0,21,59.98, , ,226,11290,10
 ,2007, , ,2022,하월곡동,"50,000",월곡래미안루나밸리,5,0,21,59.98, , ,226,11290,10
 ,2010,갱신,22.06~24.06,2022,하월곡동,"32,600",꿈의숲푸르지오,5,0,21,59.65,"12,600",60,228,11290,7
 ,2010,갱신,22.07~23.07,2022,하월곡동,"36,000",꿈의숲푸르지오,5,20,23,59.65,"36,000", ,228,11290,5
 ,2011,신규,22.06~24.06,2022,하월곡동,"10,000",길음서희스타힐스,5,170,23,84.54, , ,229,11290,6
 ,1998,갱신,22.05~24.05,2022,하월곡동,"37,000",동신,5,0,23,84.78,"34,000", ,219,11290,3
 ,2004,신규,22.06~24.06,2022,하월곡동,"52,000",샹그레빌,5,0,23,79.248, , ,224,11290,11
 ,2004, , ,2022,하월곡동,"52,000",샹그레빌,5,0,23,79.248, , ,224,11290,11
 ,2011,신규,22.06~24.06,2022,하월곡동,"10,000",길음서희스타힐스,5,170,23,84.54, , ,229,11290,6
 ,1998,갱신,22.05~23.01,2022,하월곡동,"42,000",동신,5,0,23,114.88,"42,000", ,219,11290,1
 ,2003,신규,22.07~24.07,2022,하월곡동,"5,000",월곡두산위브,5,110,23,59.855, , ,222,11290,11
사용,2003,갱신,22.05~24.05,2022,하월곡동,"35,000",월곡두산위브,5,0,23,59.855,"34,000", ,222,11290,6
 ,2003, , ,2022,하월곡동,"35,000",월곡두산위브,5,0,23,59.855, , ,222,11290,6
 ,2003,신규,22.06~24.05,2022,하월곡동,"5,000",월곡두산위브,5,160,24,84.843, , ,222,11290,14
 ,2007,갱신,22.06~24.06,2022,하월곡동,"63,525",월곡래미안루나밸리,5,0,24,114.93,"60,500", ,226,11290,15
 ,2010,갱신,22.05~23.05,2022,하월곡동,"39,000",꿈의숲푸르지오,5,15,25,84.73,"37,000",15,228,11290,11
 ,2007,신규,22.06~24.06,2022,하월곡동,"39,900",월곡래미안루나밸리,5,0,25,59.98, , ,226,11290,5
 ,2003,신규,22.05~22.08,2022,하월곡동,"57,500",월곡두산위브,5,0,26,59.855, , ,222,11290,4
 ,2007,신규,22.05~24.05,2022,하월곡동,"40,000",월곡래미안루나밸리,5,50,26,59.98, , ,226,11290,11
 ,2007,신규,22.08~24.08,2022,하월곡동,"45,000",월곡래미안루나밸리,5,100,26,114.93, , ,226,11290,19
 ,2006,신규,22.10~26.10,2022,하월곡동,"30,000",래미안월곡,5,80,26,59.754, , ,225,11290,13
 ,2006,신규,22.10~24.10,2022,하월곡동,"30,000",래미안월곡,5,80,26,59.754, , ,225,11290,13
 ,2011,갱신,22.08~24.08,2022,하월곡동,"42,000",길음서희스타힐스,5,0,26,66.61,"37,000", ,229,11290,9
사용,1998,갱신,22.06~24.06,2022,하월곡동,"42,000",동신,5,0,27,84.78,"40,000", ,219,11290,4
 ,1996,신규,22.07~24.07,2022,하월곡동,"25,000",아남,5,20,27,59.97, , ,218,11290,8
 ,2007,신규,22.07~24.07,2022,하월곡동,"40,000",성북힐스테이트(102동),5,55,27,84.99, , ,88-957,11290,11
 ,2007, , ,2022,하월곡동,"40,000",성북힐스테이트(102동),5,55,27,84.99, , ,88-957,11290,11
사용,2007,갱신,22.06~24.06,2022,하월곡동,"30,000",월곡래미안루나밸리,5,40,28,59.98,"30,000",35,226,11290,17
 ,2013,신규,22.05~24.01,2022,하월곡동,"1,000",삼전솔하임3차,5,52,28,15.52, , ,88-510,11290,6
 ,2010,갱신,22.08~24.08,2022,하월곡동,"84,000",코업스타클래스,5,0,29,151.17,"80,000", ,46-73,11290,37
 ,2010,갱신, ,2022,하월곡동,"110,000",코업스타클래스,5,0,30,166.87,"74,000", ,46-73,11290,22
 ,2011,신규,22.08~24.08,2022,하월곡동,"90,000",동일하이빌뉴시티,5,0,30,126.6, , ,230,11290,29
 ,1998,갱신, ,2022,하월곡동,"42,000",동신,5,0,30,114.88,"34,000", ,219,11290,12
 ,2011,신규,22.08~24.08,2022,하월곡동,"90,000",동일하이빌뉴시티,5,0,30,126.6, , ,230,11290,29
 ,2007,신규,22.06~24.06,2022,하월곡동,"20,000",성북힐스테이트(101동),5,150,31,101.97, , ,88-64,11290,24
 ,2007,신규,22.06~24.06,2022,하월곡동,"40,000",성북힐스테이트(101동),5,80,31,84.69, , ,88-64,11290,24
 ,1998,신규,22.08~24.08,2022,하월곡동,"54,000",동신,5,0,31,84.78, , ,219,11290,16
 ,1994, , ,2022,상월곡동,"32,000",우남푸르미아,5,0,1,59.64, , ,55-56,11290,15
 ,1994,신규,22.08~24.08,2022,상월곡동,"32,000",우남푸르미아,5,0,1,59.64, , ,55-56,11290,15
 ,2003,신규,22.07~24.07,2022,상월곡동,"42,000",동아에코빌,5,0,4,59.95, , ,101,11290,1
 ,2003,신규,22.07~24.07,2022,상월곡동,"20,000",동아에코빌,5,70,9,59.95, , ,101,11290,17
 ,2003,신규,22.06~24.06,2022,상월곡동,"30,000",동아에코빌,5,75,10,114.66, , ,101,11290,19
 ,2003,갱신,22.05~24.05,2022,상월곡동,"37,000",동아에코빌,5,0,14,84.97,"35,000", ,101,11290,17
 ,2003,신규,22.07~24.07,2022,상월곡동,"45,000",동아에코빌,5,35,19,84.97, , ,101,11290,20
 ,2003, , ,2022,상월곡동,"30,450",동아에코빌,5,0,23,59.95, , ,101,11290,22
사용,2003,갱신,22.06~24.06,2022,상월곡동,"31,500",동아에코빌,5,0,28,59.95,"30,000", ,101,11290,20
사용,2003,갱신,22.05~24.05,2022,상월곡동,"22,000",동아에코빌,5,30,28,84.97,"22,000",25,101,11290,13
 ,2020,신규,22.06~24.06,2022,장위동,"55,000",래미안장위퍼스트하이,5,0,1,59.99, , ,173-114,11290,13
 ,2008,신규,22.08~24.08,2022,장위동,"41,890",꿈의숲대명루첸아파트,5,0,2,84.843, , ,317,11290,15
 ,2008,신규,22.08~24.08,2022,장위동,"41,890",꿈의숲대명루첸아파트,5,0,2,84.843, , ,317,11290,15
 ,2019,신규,22.05~23.05,2022,장위동,"1,000",석계역한일노벨리아시티,5,49,3,15.2144, , ,8-2,11290,9
 ,2003,갱신,22.05~24.05,2022,장위동,"41,000",경헌그린아파트,5,0,4,124.816,"40,000", ,315,11290,2
 ,2006, , ,2022,장위동,"1,000",참누리아파트,5,40,4,84.98, , ,316-5,11290,2
 ,2019,갱신,22.05~24.05,2022,장위동,"11,550",석계역한일노벨리아시티,5,0,10,15.2144,"11,000", ,8-2,11290,16
 ,2020, , ,2022,장위동,"55,000",래미안장위퍼스트하이,5,0,10,59.99, , ,173-114,11290,13
 ,2020,신규,22.07~24.07,2022,장위동,"50,000",래미안장위퍼스트하이,5,60,10,101.72, , ,173-114,11290,7
사용,2006,갱신,22.05~24.05,2022,장위동,"30,450",삼익아파트,5,0,11,79.91,"29,000", ,60-1,11290,3
 ,2020,신규,22.06~24.06,2022,장위동,"10,000",꿈의숲아이파크,5,160,11,59.1, , ,323,11290,15
 ,2020,신규,22.07~24.07,2022,장위동,"59,000",꿈의숲아이파크,5,0,11,59.1, , ,323,11290,22
사용,2008,갱신,22.05~24.05,2022,장위동,"40,950",꿈의숲대명루첸아파트,5,0,11,84.843,"39,000", ,317,11290,16
 ,2020, , ,2022,장위동,"7,700",H하우스장위,5,15,12,18.3902, , ,50-46,11290,9
 ,2017, , ,2022,장위동,"5,424",꿈의숲코오롱하늘채,5,27,12,32.22, , ,319,11290,19
 ,2020, , ,2022,장위동,"16,900",H하우스장위,5,27,12,33.0366, , ,50-46,11290,14
 ,2006, , ,2022,장위동,"3,480","장월에스에이치빌1단지(국민임대,SH소유",5,8,12,39.34, , ,316-2,11290,9
 ,2020,신규,22.08~24.08,2022,장위동,"66,000",래미안장위퍼스트하이,5,0,13,84.94, , ,173-114,11290,14
 ,2021,신규,22.05~25.05,2022,장위동,"50,000",래미안포레카운티,5,50,13,59.92, , ,322,11290,21
 ,2021,신규,22.08~24.08,2022,장위동,"85,000",래미안포레카운티,5,0,14,101.79, , ,322,11290,24
 ,2019,신규,22.05~23.05,2022,장위동,"1,000",석계역한일노벨리아시티,5,55,16,15.2144, , ,8-2,11290,12
 ,2020,신규,22.08~24.08,2022,장위동,"60,000",래미안장위퍼스트하이,5,120,17,116.91, , ,173-114,11290,17
 ,2021,신규,22.07~24.07,2022,장위동,"56,000",래미안포레카운티,5,0,17,59.92, , ,322,11290,15
 ,2020, , ,2022,장위동,"60,000",래미안장위퍼스트하이,5,120,17,116.91, , ,173-114,11290,17
 ,2020, ,22.08~24.08,2022,장위동,"60,000",래미안장위퍼스트하이,5,120,17,116.91, , ,173-114,11290,17
사용,2006,갱신,22.06~24.06,2022,장위동,"35,700",참누리아파트,5,0,18,84.98,"34,000", ,316-5,11290,3
 ,2006,갱신,22.05~24.05,2022,장위동,"32,550",참누리아파트,5,0,18,59.98,"31,000", ,316-5,11290,4
 ,2021,신규, ,2022,장위동,"10,987",래미안포레카운티,5,29,19,42.79, , ,322,11290,4
 ,2021,신규, ,2022,장위동,"9,786",래미안포레카운티,5,26,19,39.9, , ,322,11290,7
 ,2020,신규, ,2022,장위동,"7,367",래미안장위퍼스트하이,5,28,19,36.14, , ,173-114,11290,3
 ,2020,신규, ,2022,장위동,"6,295",래미안장위퍼스트하이,5,32,19,36.14, , ,173-114,11290,13
 ,2020,신규, ,2022,장위동,"8,419",래미안장위퍼스트하이,5,22,19,36.14, , ,173-114,11290,15
 ,2020,신규, ,2022,장위동,"11,872",래미안장위퍼스트하이,5,32,19,46.35, , ,173-114,11290,5
 ,2020,신규, ,2022,장위동,"8,419",래미안장위퍼스트하이,5,22,19,36.14, , ,173-114,11290,7
 ,2020,신규, ,2022,장위동,"8,419",래미안장위퍼스트하이,5,22,19,36.14, , ,173-114,11290,19
 ,2020, , ,2022,장위동,"5,243",래미안장위퍼스트하이,5,8,19,46.35, , ,173-114,11290,5
 ,2019,갱신,22.05~24.05,2022,장위동,"11,500",석계역한일노벨리아시티,5,0,20,14.7145,"11,500", ,8-2,11290,15
사용,2006,갱신,22.05~24.05,2022,장위동,"5,000",삼익아파트,5,74,20,65.7,"5,000",70,60-1,11290,3
 ,2020,신규, ,2022,장위동,"11,871",래미안장위퍼스트하이,5,32,20,46.35, , ,173-114,11290,5
 ,2017,신규,22.08~24.08,2022,장위동,"63,000",꿈의숲코오롱하늘채,5,0,21,84.84, , ,319,11290,11
 ,2017,신규,22.08~24.08,2022,장위동,"63,000",꿈의숲코오롱하늘채,5,0,21,84.84, , ,319,11290,11
 ,2019,신규,22.05~23.05,2022,장위동,500,석계역한일노벨리아시티,5,53,21,15.2144, , ,8-2,11290,13
 ,2017,신규,22.09~24.09,2022,장위동,"42,000",꿈의숲코오롱하늘채,5,0,21,84.87, , ,319,11290,8
 ,2020,신규, ,2022,장위동,"8,419",래미안장위퍼스트하이,5,22,21,36.14, , ,173-114,11290,1
 ,2017,갱신, ,2022,장위동,"10,000",꿈의숲코오롱하늘채,5,175,21,84.87,"10,000",165,319,11290,27
 ,2020,신규, ,2022,장위동,"11,871",래미안장위퍼스트하이,5,32,22,46.35, , ,173-114,11290,8
 ,2020,신규, ,2022,장위동,"9,820",래미안장위퍼스트하이,5,36,23,36.14, , ,173-114,11290,21
 ,2020,신규, ,2022,장위동,"12,808",꿈의숲아이파크,5,33,23,39, , ,323,11290,12
 ,2020,신규, ,2022,장위동,"12,808",꿈의숲아이파크,5,33,23,39, , ,323,11290,2
 ,2020,신규, ,2022,장위동,"13,480",꿈의숲아이파크,5,34,23,39, , ,323,11290,11
 ,2020,신규, ,2022,장위동,"13,480",꿈의숲아이파크,5,34,23,39, , ,323,11290,10
 ,2020,신규, ,2022,장위동,"13,480",꿈의숲아이파크,5,34,23,39, , ,323,11290,2
 ,2020,신규, ,2022,장위동,"13,480",꿈의숲아이파크,5,34,23,39, , ,323,11290,5
 ,2020,신규, ,2022,장위동,"12,808",꿈의숲아이파크,5,33,23,39, , ,323,11290,2
 ,2020,신규, ,2022,장위동,"13,480",꿈의숲아이파크,5,34,23,39, , ,323,11290,7
 ,2020,신규, ,2022,장위동,"11,756",꿈의숲아이파크,5,43,23,39, , ,323,11290,10
 ,2020,신규, ,2022,장위동,"11,168",꿈의숲아이파크,5,41,23,39, , ,323,11290,2
 ,2020,신규, ,2022,장위동,"11,168",꿈의숲아이파크,5,41,23,39, , ,323,11290,2
 ,2020,신규, ,2022,장위동,"11,756",꿈의숲아이파크,5,43,23,39, , ,323,11290,5
 ,2020,신규, ,2022,장위동,"11,168",꿈의숲아이파크,5,41,23,39, , ,323,11290,12
 ,2020,신규, ,2022,장위동,"11,756",꿈의숲아이파크,5,43,23,39, , ,323,11290,7
 ,2020,신규, ,2022,장위동,"11,756",꿈의숲아이파크,5,43,23,39, , ,323,11290,11
 ,2020,신규, ,2022,장위동,"11,756",꿈의숲아이파크,5,43,23,39, , ,323,11290,2
 ,2020,신규, ,2022,장위동,"11,168",꿈의숲아이파크,5,41,23,39, , ,323,11290,10
 ,2020,신규, ,2022,장위동,"11,756",꿈의숲아이파크,5,43,23,39, , ,323,11290,11
 ,2006, , ,2022,장위동,"1,329","장월에스에이치빌1단지(국민임대,SH소유",5,20,23,39.34, , ,316-2,11290,12
 ,2021,신규,22.06~24.06,2022,장위동,"70,000",래미안포레카운티,5,0,23,84.98, , ,322,11290,15
 ,2020,신규, ,2022,장위동,"8,475",래미안장위퍼스트하이,5,22,23,36.14, , ,173-114,11290,6
 ,2020,신규, ,2022,장위동,"10,635",래미안장위퍼스트하이,5,27,23,36.14, , ,173-114,11290,11
 ,2020,신규, ,2022,장위동,"11,260",래미안장위퍼스트하이,5,29,23,36.14, , ,173-114,11290,21
 ,2020,신규, ,2022,장위동,"8,419",래미안장위퍼스트하이,5,22,23,36.14, , ,173-114,11290,14
 ,2020,신규, ,2022,장위동,"8,363",래미안장위퍼스트하이,5,23,23,36.14, , ,173-114,11290,6
 ,2020,신규, ,2022,장위동,"9,275",래미안장위퍼스트하이,5,34,23,36.14, , ,173-114,11290,11
 ,2020,신규, ,2022,장위동,"11,756",꿈의숲아이파크,5,43,24,39, , ,323,11290,11
 ,2020,신규, ,2022,장위동,"12,073",꿈의숲아이파크,5,44,24,40.47, , ,323,11290,2
 ,2020,신규, ,2022,장위동,"9,275",래미안장위퍼스트하이,5,34,24,36.14, , ,173-114,11290,19
 ,2020,신규,22.08~24.08,2022,장위동,"63,000",래미안장위퍼스트하이,5,0,24,84.94, , ,173-114,11290,14
 ,2020,신규, ,2022,장위동,"11,756",꿈의숲아이파크,5,43,24,39, , ,323,11290,12
 ,2020,신규,22.07~24.07,2022,장위동,"62,000",래미안장위퍼스트하이,5,0,25,84.94, , ,173-114,11290,20
 ,2008,갱신,22.07~24.07,2022,장위동,"58,000",꿈의숲대명루첸아파트,5,0,25,103.526,"41,000", ,317,11290,4
 ,2020,신규, ,2022,장위동,"13,845",꿈의숲아이파크,5,35,26,40.47, , ,323,11290,11
 ,2020,신규, ,2022,장위동,"7,367",래미안장위퍼스트하이,5,28,26,36.14, , ,173-114,11290,17
 ,2020,신규, ,2022,장위동,"8,347",래미안장위퍼스트하이,5,23,26,36.14, , ,173-114,11290,8
 ,2020,신규, ,2022,장위동,"12,073",꿈의숲아이파크,5,44,26,40.47, , ,323,11290,11
 ,2006, , ,2022,장위동,"1,329","장월에스에이치빌1단지(국민임대,SH소유",5,20,26,39.34, , ,316-2,11290,3
 ,2006, , ,2022,장위동,"3,309","장월에스에이치빌1단지(국민임대,SH소유",5,9,26,39.34, , ,316-2,11290,6
 ,2005,갱신,22.05~24.05,2022,장위동,"35,000",장위동동원베네스트,5,0,26,84.95,"34,000", ,50-50,11290,6
 ,2020,신규, ,2022,장위동,"11,756",꿈의숲아이파크,5,43,26,39, , ,323,11290,5
 ,2020,신규,22.08~24.08,2022,장위동,"64,000",래미안장위퍼스트하이,5,0,27,84.94, , ,173-114,11290,24
 ,2006,갱신,22.07~24.07,2022,장위동,"57,000",참누리아파트,5,0,28,84.98,"36,700", ,316-5,11290,7
 ,2021,신규,22.08~24.08,2022,장위동,"65,000",래미안포레카운티,5,0,28,84.97, , ,322,11290,12
 ,2019,신규,22.06~24.06,2022,장위동,"13,000",석계역한일노벨리아시티,5,0,28,15.2144, , ,8-2,11290,16
 ,2020,신규,22.08~24.08,2022,장위동,"60,000",꿈의숲아이파크,5,0,28,59.1, , ,323,11290,16
 ,2021,신규,22.08~24.08,2022,장위동,"65,000",래미안포레카운티,5,0,28,84.97, , ,322,11290,12
사용,2003,갱신,22.07~24.07,2022,장위동,"30,450",신장위아파트,5,0,29,86.87,"29,000", ,230-214,11290,5
 ,2021,신규,22.05~22.10,2022,장위동,"63,000",래미안포레카운티,5,0,30,84.97, , ,322,11290,10
 ,2017,신규, ,2022,장위동,"6,627",꿈의숲코오롱하늘채,5,24,31,32.22, , ,319,11290,16
 ,2006, , ,2022,장위동,"1,329","장월에스에이치빌1단지(국민임대,SH소유",5,20,31,39.34, , ,316-2,11290,4
 ,2006, , ,2022,장위동,"3,121","장월에스에이치빌1단지(국민임대,SH소유",5,10,31,39.34, , ,316-2,11290,1
 ,2008,갱신,22.06~24.06,2022,장위동,"57,000",꿈의숲대명루첸아파트,5,0,31,103.526,"50,000", ,317,11290,5
사용,1998,갱신,22.06~24.06,2022,석관동,"14,000",두산,5,44,4,54.55,"14,000",40,10,11290,14
 ,1998,갱신,22.07~24.07,2022,석관동,"10,000",두산,5,90,4,59.97,"10,000",65,10,11290,6
 ,1998,신규,22.07~24.07,2022,석관동,"55,000",두산,5,0,6,84.9, , ,10,11290,3
사용,1998,갱신,22.05~24.05,2022,석관동,"31,500",두산,5,0,6,59.97,"30,000", ,10,11290,20
사용,2019,갱신,22.05~24.05,2022,석관동,"8,000",래미안아트리치,5,138,6,59.42,"8,000",130,410,11290,5
 ,2019, , ,2022,석관동,"4,698",래미안아트리치,5,7,6,39.01, , ,410,11290,3
 ,1998, , ,2022,석관동,"10,000",두산,5,100,7,59.97, , ,10,11290,8
 ,1998,신규,22.05~24.05,2022,석관동,"10,000",두산,5,100,7,59.97, , ,10,11290,8
사용,2009,갱신,22.05~24.05,2022,석관동,"43,050",석관래미안,5,0,9,59.9,"41,000", ,407,11290,11
 ,1998,신규,22.06~24.05,2022,석관동,"18,000",두산,5,0,10,59.97, , ,10,11290,7
사용,2011,갱신,22.05~24.05,2022,석관동,"5,000",신동아파밀리에,5,100,10,59.69,"5,000",95,408,11290,8
 ,2019, , ,2022,석관동,"4,698",래미안아트리치,5,7,10,39.01, , ,410,11290,4
사용,1998,갱신,22.07~24.07,2022,석관동,"35,700",두산,5,0,12,59.97,"34,000", ,10,11290,4
 ,2019,신규,22.06~24.06,2022,석관동,"58,000",래미안아트리치,5,0,14,59.98, , ,410,11290,8
 ,1997,신규,22.07~24.07,2022,석관동,"5,000",삼성,5,80,16,59.82, , ,404,11290,3
 ,2019,신규, ,2022,석관동,"9,304",래미안아트리치,5,24,16,39.01, , ,410,11290,6
 ,2019,신규, ,2022,석관동,"9,304",래미안아트리치,5,24,16,39.01, , ,410,11290,12
 ,2019,신규, ,2022,석관동,"8,974",래미안아트리치,5,25,17,39.01, , ,410,11290,9
사용,1998,갱신, ,2022,석관동,"15,000",두산,5,97,17,134.97,"15,000",90,10,11290,18
 ,2019,신규, ,2022,석관동,"9,304",래미안아트리치,5,24,18,39.01, , ,410,11290,2
 ,2019,신규, ,2022,석관동,"9,304",래미안아트리치,5,24,23,39.01, , ,410,11290,16
 ,1994,신규,22.08~24.08,2022,석관동,"25,000",중앙하이츠,5,45,24,59.79, , ,110-2,11290,5
 ,1994, , ,2022,석관동,"25,000",중앙하이츠,5,45,24,59.79, , ,110-2,11290,5
 ,1999,갱신,22.05~24.05,2022,석관동,"30,200",코오롱,5,0,25,59.94,"25,200", ,405,11290,2
사용,2019,갱신,22.06~24.06,2022,석관동,"35,000",래미안아트리치,5,0,26,59.96,"33,500", ,410,11290,16
사용,1998,갱신,22.05~24.05,2022,석관동,"42,000",두산,5,0,27,84.9,"40,000", ,10,11290,5
 ,2019,신규,22.06~24.06,2022,석관동,"1,000",래미안아트리치,5,50,28,84.98, , ,410,11290,17
 ,1998,신규,22.07~24.07,2022,석관동,"44,000",두산,5,0,28,59.97, , ,10,11290,7
사용,1998,갱신,22.06~24.06,2022,석관동,"31,500",두산,5,0,28,54.55,"30,000", ,10,11290,4
 ,1998,갱신,22.06~24.06,2022,석관동,"49,000",두산,5,0,30,134.97,"47,000", ,10,11290,5
